No,Ref .No.,Refiney Name,Province,Province category,Technology,Ownership,Owner,Bauxite,ref cell,ref cell row,column 1,2005,2006,2007,2008,2009,2010,2011,2012,2013,2014,2015,2016,2017,2018,2019,2020,2021,2022,2023,2024,2025,2026,2027,2028,2029,2030,2031
,,,,,,,,,,,,,,,,,,,,,,,,,,,,,,,,,,,,,,
1,1.1,Bosai Xianfeng domestic,Chongqing,Other,Chongqing,Nanchuan,,,1,,,,,,,0.8307567471824016,0.8308337788221395,0.8309728395404778,0.8422903312281758,0.8422903312281759,0.8422903312281756,0.8422903312281758,0.8422903312281759,0.8422903312281758,0.8422903312281759,0.8422903312281759,0.8422903312281756,0.8422903312281758,0.8422903312281758,0.8422903312281759,0.8422903312281758,0.8422903312281758,0.8422903312281758,0.8422903312281758,0.8422903312281758,0.8422903312281759,0.8422903312281759,
2,1.1,Bosai Xianfeng domestic,Chongqing,Other,Chongqing,Wulong,,,1,,,,,,,0.15555013107778617,0.15556455441132996,0.15559059201263584,0.1577096687718242,0.15770966877182424,0.15770966877182424,0.15770966877182424,0.15770966877182424,0.15770966877182424,0.1577096687718242,0.15770966877182424,0.1577096687718242,0.15770966877182419,0.1577096687718242,0.1577096687718242,0.1577096687718242,0.15770966877182424,0.15770966877182424,0.1577096687718242,0.1577096687718242,0.15770966877182427,0.15770966877182427,
3,1.1,Bosai Xianfeng domestic,Chongqing,Guizhou,Guizhou,Zunyi,,,1,,,,,,,0.013693121739812283,0.013601666766530632,0.013436568446886347,0.0,0.0,0.0,0.0,0.0,0.0,0.0,0.0,0.0,0.0,0.0,0.0,0.0,0.0,0.0,0.0,0.0,0.0,0.0,
4,3,Shuijiang,Chongqing,Other,Chongqing,Nanchuan,,,1,,,,,,,1.0,1.0,1.0,1.0,1.0,0,0,0,0,0,0,0,0,0,0,0,0,0,0,0,0,0,
5,4,Tuoyuan,Chongqing,Other,Chongqing,Wulong,,,1,,,,,,,1.0,1.0,1.0,1.0,1.0,1.0,1.0,1.0,1.0,1.0,1.0,1.0,1.0,1.0,1.0,1.0,1.0,1.0,1.0,1.0,1.0,1.0,
6,5,Chalco Pingguo ,Guangxi,Guangxi,Guangxi,Longzhou,,,1,,,,,,,0.03469701011195273,0.03469701011195274,0.03469701011195273,0.03469701011195274,0.03469701011195273,0.03469701011195273,0.03469701011195273,0.03469701011195274,0.03469701011195274,0.03469701011195274,0.03469701011195274,0.03469701011195273,0.03469701011195273,0.03469701011195273,0.03469701011195274,0.03469701011195274,0.03469701011195274,0.03469701011195273,0.03469701011195273,0.03469701011195273,0.03469701011195274,0.03469701011195274,
7,5,Chalco Pingguo ,Guangxi,Guangxi,Guangxi,Pingguo,,,0.95,,,,,,,0.9591306463611029,0.959130646361103,0.9591306463611029,0.9591306463611029,0.9591306463611029,0.9591306463611029,0.959130646361103,0.9591306463611029,0.959130646361103,0.9591306463611029,0.959130646361103,0.9591306463611029,0.9591306463611029,0.9591306463611029,0.959130646361103,0.959130646361103,0.959130646361103,0.9591306463611029,0.9591306463611029,0.9591306463611029,0.959130646361103,0.959130646361103,
8,5,Chalco Pingguo ,Guangxi,Guangxi,Guangxi,Tiandong,,,1,,,,,,,0.006172343526944332,0.006172343526944332,0.006172343526944331,0.006172343526944332,0.006172343526944331,0.0061723435269443305,0.006172343526944331,0.006172343526944332,0.006172343526944332,0.006172343526944331,0.006172343526944331,0.006172343526944331,0.006172343526944331,0.006172343526944331,0.006172343526944331,0.006172343526944332,0.006172343526944331,0.006172343526944331,0.006172343526944331,0.006172343526944331,0.006172343526944331,0.006172343526944331,
9,6.1,Jinjiang Chongzuo domestic,Guangxi,Guangxi,Guangxi,Chongzuo,,,1,,,,,,,0.4775198782009923,0.4775198782009923,0.4775198782009923,0.4775198782009923,0.4775198782009923,0.4775198782009923,0.4775198782009923,0.4775198782009923,0.4775198782009923,0.4775198782009923,0.4775198782009923,0.4775198782009923,0.4775198782009923,0.47751987820099234,0.4775198782009923,0.47751987820099223,0.4775198782009923,0.4775198782009923,0.4775198782009923,0.47751987820099234,0.4775198782009923,0.4775198782009923,
10,6.1,Jinjiang Chongzuo domestic,Guangxi,Guangxi,Guangxi,Longzhou,,,1,,,,,,,0.3424993680528319,0.3424993680528319,0.3424993680528319,0.3424993680528319,0.3424993680528319,0.3424993680528319,0.3424993680528319,0.3424993680528319,0.3424993680528319,0.3424993680528319,0.3424993680528319,0.3424993680528319,0.3424993680528319,0.3424993680528319,0.3424993680528319,0.3424993680528319,0.3424993680528319,0.3424993680528319,0.3424993680528319,0.34249936805283193,0.3424993680528319,0.3424993680528319,
11,6.1,Jinjiang Chongzuo domestic,Guangxi,Guangxi,Guangxi,Napo,,,1,,,,,,,0.17998075374617584,0.17998075374617584,0.17998075374617584,0.17998075374617584,0.17998075374617584,0.17998075374617584,0.17998075374617584,0.17998075374617584,0.17998075374617584,0.17998075374617584,0.17998075374617584,0.17998075374617584,0.17998075374617584,0.17998075374617586,0.17998075374617586,0.1799807537461758,0.1799807537461758,0.17998075374617584,0.17998075374617584,0.17998075374617584,0.17998075374617584,0.17998075374617584,
12,7,Huayin,Guangxi,Guangxi,Guangxi,Debao,,,1,,,,,,,0.4624374643606521,0.4624374643606521,0.46243746436065214,0.4624374643606521,0.46243746436065214,0.4624374643606521,0.46243746436065203,0.46243746436065214,0.4624374643606521,0.46243746436065203,0.4624374643606521,0.4624374643606521,0.46243746436065214,0.4624374643606521,0.46243746436065203,0.46243746436065214,0.4624374643606521,0.4624374643606521,0.4624374643606521,0.4624374643606521,0.46243746436065214,0.4624374643606521,
13,7,Huayin,Guangxi,Guangxi,Guangxi,Jingxi,,,1,,,,,,,0.4561408727865022,0.4561408727865022,0.4561408727865022,0.4561408727865022,0.45614087278650217,0.45614087278650217,0.45614087278650217,0.45614087278650217,0.45614087278650217,0.45614087278650217,0.45614087278650217,0.4561408727865022,0.45614087278650217,0.4561408727865022,0.4561408727865021,0.4561408727865023,0.4561408727865022,0.4561408727865022,0.4561408727865022,0.45614087278650217,0.4561408727865022,0.4561408727865021,
14,7,Huayin,Guangxi,Guangxi,Guangxi,Tiandong,,,1,,,,,,,0.005816375584407451,0.005816375584407452,0.005816375584407451,0.005816375584407452,0.005816375584407451,0.005816375584407451,0.005816375584407451,0.005816375584407452,0.005816375584407451,0.00581637558440745,0.005816375584407451,0.005816375584407451,0.005816375584407451,0.005816375584407451,0.00581637558440745,0.005816375584407452,0.00581637558440745,0.005816375584407451,0.005816375584407451,0.005816375584407451,0.005816375584407452,0.00581637558440745,
15,7,Huayin,Guangxi,Guangxi,Guangxi,Tianyang,,,1,,,,,,,0.07560528726843825,0.07560528726843824,0.07560528726843825,0.07560528726843824,0.07560528726843825,0.07560528726843825,0.07560528726843824,0.07560528726843824,0.07560528726843824,0.07560528726843824,0.07560528726843825,0.07560528726843825,0.07560528726843825,0.07560528726843825,0.07560528726843822,0.07560528726843826,0.07560528726843824,0.07560528726843824,0.07560528726843824,0.07560528726843824,0.07560528726843825,0.07560528726843824,
16,8,Jinjiang Tiandong,Guangxi,Guangxi,Guangxi,Chongzuo,,,1,,,,,,,0.022420103302455523,0.022420103302455523,0.022420103302455523,0.022420103302455523,0.022420103302455523,0.02242010330245552,0.02242010330245552,0.022420103302455523,0.022420103302455523,0.02242010330245552,0.02242010330245552,0.022420103302455523,0.02242010330245552,0.022420103302455523,0.022420103302455523,0.022420103302455523,0.022420103302455523,0.02242010330245552,0.022420103302455523,0.02242010330245552,0.02242010330245552,0.02242010330245552,
17,8,Jinjiang Tiandong,Guangxi,Guangxi,Guangxi,Napo,,,1,,,,,,,0.22815814903739143,0.22815814903739143,0.22815814903739143,0.22815814903739143,0.22815814903739146,0.22815814903739143,0.22815814903739143,0.22815814903739143,0.22815814903739148,0.22815814903739143,0.2281581490373914,0.22815814903739143,0.22815814903739146,0.22815814903739146,0.22815814903739146,0.22815814903739143,0.22815814903739146,0.22815814903739143,0.22815814903739143,0.2281581490373914,0.22815814903739143,0.22815814903739143,
18,8,Jinjiang Tiandong,Guangxi,Guangxi,Guangxi,Tiandong,,,1,,,,,,,0.08009805979471005,0.08009805979471005,0.08009805979471005,0.08009805979471005,0.08009805979471006,0.08009805979471006,0.08009805979471005,0.08009805979471006,0.08009805979471006,0.08009805979471003,0.08009805979471005,0.08009805979471005,0.08009805979471005,0.08009805979471006,0.08009805979471005,0.08009805979471005,0.08009805979471005,0.08009805979471005,0.08009805979471005,0.08009805979471005,0.08009805979471005,0.08009805979471005,
19,8,Jinjiang Tiandong,Guangxi,Guangxi,Guangxi,Tianyang,,,1,,,,,,,0.6693236878654429,0.6693236878654429,0.6693236878654429,0.6693236878654429,0.669323687865443,0.669323687865443,0.669323687865443,0.669323687865443,0.669323687865443,0.6693236878654429,0.6693236878654429,0.669323687865443,0.6693236878654429,0.669323687865443,0.6693236878654432,0.669323687865443,0.669323687865443,0.6693236878654429,0.669323687865443,0.6693236878654429,0.6693236878654429,0.6693236878654429,
20,9,Xinfa Jingxi,Guangxi,Guangxi,Guangxi,Jingxi,,,1,,,,,,,0.9465210064962755,0.9465210064962754,0.9465210064962754,0.9465210064962754,0.9465210064962754,0.9465210064962755,0.9465210064962754,0.9465210064962755,0.9465210064962754,0.9465210064962754,0.9465210064962754,0.9465210064962755,0.9465210064962755,0.9465210064962754,0.9465210064962755,0.9465210064962754,0.9465210064962754,0.9465210064962754,0.9465210064962755,0.9465210064962755,0.9465210064962754,0,
21,9,Xinfa Jingxi,Guangxi,Guangxi,Guangxi,Napo,,,0,,,,,,,0.05347899350372462,0.05347899350372462,0.05347899350372461,0.05347899350372461,0.05347899350372462,0.05347899350372462,0.05347899350372462,0.05347899350372461,0.05347899350372462,0.05347899350372461,0.05347899350372462,0.05347899350372463,0.05347899350372463,0.05347899350372462,0.05347899350372462,0.05347899350372461,0.05347899350372462,0.05347899350372461,0.05347899350372462,0.05347899350372462,0.05347899350372461,0,
22,11,Tiangui,Guangxi,Guangxi,Guangxi,Jingxi,,,0,,,,,,,1.0,1.0,1.0,1.0,1.0,1.0,1.0,1.0,1.0,1.0,1.0,1.0,1.0,1.0,1.0,1.0,1.0,1.0,0,0,0,0,
23,14,Chalco Guizhou,Guizhou,Guizhou,Guizhou,Guiyang,,,1,,,,,,,0.02888801465615187,0.02888801465615187,0.028888014656151866,0,0,0,0,0,0,0,0,0,0,0,0,0,0,0,0,0,0,0,
24,14,Chalco Guizhou,Guizhou,Guizhou,Guizhou,Qingzhen,,,1,,,,,,,0.9010111390242763,0.9010111390242762,0.9010111390242763,0,0,0,0,0,0,0,0,0,0,0,0,0,0,0,0,0,0,0,
25,14,Chalco Guizhou,Guizhou,Guizhou,Guizhou,Xiuwen,,,0.5,,,,,,,0.056026181860918206,0.056026181860918206,0.0560261818609182,0,0,0,0,0,0,0,0,0,0,0,0,0,0,0,0,0,0,0,
26,14,Chalco Guizhou,Guizhou,Guizhou,Guizhou,Zhijin,,,0,,,,,,,0.014074664458653534,0.014074664458653534,0.014074664458653532,0,0,0,0,0,0,0,0,0,0,0,0,0,0,0,0,0,0,0,
27,15,Chalco Zunyi,Guizhou,Guizhou,Guizhou,Kaiyang,,,1,,,,,,,0.08512725324953782,0.0851272532495378,0.08512725324953781,0.08512725324953781,0.08512725324953781,0.08512725324953782,0.08512725324953781,0.08512725324953781,0.08512725324953782,0.08512725324953781,0,0,0,0,0,0,0,0,0,0,0,0,
28,15,Chalco Zunyi,Guizhou,Guizhou,Guizhou,Jinsha,,,1,,,,,,,0.029666178306111863,0.029666178306111856,0.02966617830611186,0.02966617830611186,0.02966617830611186,0.029666178306111866,0.029666178306111863,0.02966617830611186,0.029666178306111866,0.029666178306111863,0,0,0,0,0,0,0,0,0,0,0,0,
29,15,Chalco Zunyi,Guizhou,Guizhou,Guizhou,Weng'an,,,0,,,,,,,0.1067790355936053,0.10677903559360527,0.10677903559360528,0.10677903559360527,0.10677903559360527,0.10677903559360528,0.10677903559360527,0.10677903559360527,0.10677903559360528,0.10677903559360528,0,0,0,0,0,0,0,0,0,0,0,0,
30,15,Chalco Zunyi,Guizhou,Guizhou,Guizhou,Xifeng,,,0,,,,,,,0.0019188814704244879,0.0019188814704244874,0.0019188814704244877,0.0019188814704244874,0.0019188814704244874,0.0019188814704244877,0.0019188814704244877,0.0019188814704244874,0.0019188814704244879,0.0019188814704244877,0,0,0,0,0,0,0,0,0,0,0,0,
31,15,Chalco Zunyi,Guizhou,Guizhou,Guizhou,Zunyi,,,1,,,,,,,0.7765086513803205,0.7765086513803205,0.7765086513803205,0.7765086513803205,0.7765086513803205,0.7765086513803205,0.7765086513803205,0.7765086513803205,0.7765086513803207,0.7765086513803205,0,0,0,0,0,0,0,0,0,0,0,0,
32,16,Xian,Guizhou,Guizhou,Guizhou,Kaiyang,,,0.6,,,,,,,0.9847472604823418,0.9847472604823417,0.9847472604823418,0.9847472604823418,0.9847472604823418,0.9847472604823418,0.9847472604823418,0.9847472604823418,0,0,0,0,0,0,0,0,0,0,0,0,0,0,
33,16,Xian,Guizhou,Guizhou,Guizhou,Xifeng,,,0.3,,,,,,,0.015252739517658171,0.015252739517658168,0.01525273951765817,0.01525273951765817,0.015252739517658171,0.015252739517658171,0.015252739517658171,0.01525273951765817,0,0,0,0,0,0,0,0,0,0,0,0,0,0,
34,17,Huafei,Guizhou,Guizhou,Guizhou,Xiuwen,,,0.6,,,,,,,0.7610235385646387,0.7610235385646387,0.7610235385646387,0.7610235385646387,0.7610235385646387,0.7610235385646387,0.7610235385646387,0.7610235385646387,0.7610235385646387,0.7610235385646387,0.7610235385646387,0.7610235385646388,0.7610235385646387,0.7610235385646387,0.7610235385646387,0.7610235385646387,0.7610235385646388,0.7610235385646387,0.7610235385646387,0.7610235385646387,0.7610235385646387,0,
35,17,Huafei,Guizhou,Guizhou,Guizhou,Zhijin,,,0,,,,,,,0.23897646143536133,0.23897646143536136,0.23897646143536133,0.2389764614353613,0.2389764614353613,0.23897646143536136,0.23897646143536133,0.2389764614353613,0.23897646143536136,0.2389764614353613,0.23897646143536136,0.23897646143536133,0.2389764614353613,0.23897646143536136,0.2389764614353613,0.23897646143536133,0.23897646143536136,0.23897646143536133,0.23897646143536136,0.23897646143536133,0.23897646143536136,0,
36,18,Qingzhen Guanglv,Guizhou,Guizhou,Guizhou,Longli,,,0,,,,,,,0.0009645325194594745,0.0009645325194594745,0.0009645325194594745,0.0009645325194594744,0.0009645325194594744,0.0009645325194594745,0.0009645325194594744,0.0009645325194594746,0.0009645325194594745,0.0009645325194594744,0.0009645325194594744,0.0009645325194594745,0.0009645325194594745,0.0009645325194594746,0.0009645325194594745,0.0009645325194594746,0.0009645325194594744,0,0,0,0,0,
37,18,Qingzhen Guanglv,Guizhou,Guizhou,Guizhou,Qingzhen,,,0.6,,,,,,,0.8691985148806579,0.8691985148806579,0.8691985148806579,0.8691985148806578,0.8691985148806579,0.8691985148806579,0.8691985148806578,0.8691985148806579,0.8691985148806579,0.8691985148806578,0.8691985148806579,0.8691985148806578,0.8691985148806579,0.8691985148806579,0.8691985148806579,0.8691985148806579,0.8691985148806578,0,0,0,0,0,
38,18,Qingzhen Guanglv,Guizhou,Guizhou,Guizhou,Zhijin,,,0,,,,,,,0.12983695259988265,0.12983695259988265,0.12983695259988265,0.12983695259988265,0.12983695259988265,0.12983695259988265,0.12983695259988265,0.12983695259988265,0.12983695259988265,0.12983695259988265,0.12983695259988265,0.12983695259988265,0.12983695259988265,0.12983695259988265,0.12983695259988265,0.12983695259988265,0.12983695259988265,0,0,0,0,0,
39,19.1,Qizheng Chemical,Guizhou,Guizhou,Guizhou,Fuquan,,,0.2,,,,,,,0.06385507343584308,0.06385507343584308,0.06385507343584308,0.06385507343584307,0.06385507343584308,0.06385507343584308,0.06385507343584307,0.06385507343584308,0.06385507343584308,0.06385507343584308,0.06385507343584308,0.06385507343584308,0.06385507343584308,0.06385507343584308,0.06385507343584308,0.06385507343584308,0,0,0,0,0,0,
40,19.1,Qizheng Chemical,Guizhou,Guizhou,Guizhou,Huangping,,,0.5,,,,,,,0.18215490400313464,0.18215490400313464,0.1821549040031346,0.18215490400313464,0.18215490400313464,0.18215490400313464,0.1821549040031346,0.18215490400313464,0.18215490400313464,0.18215490400313464,0.18215490400313464,0.18215490400313464,0.18215490400313464,0.18215490400313464,0.18215490400313464,0.18215490400313464,0,0,0,0,0,0,
41,19.1,Qizheng Chemical,Guizhou,Guizhou,Guizhou,Kaili,,,0.7,,,,,,,0.7539900225610223,0.7539900225610223,0.7539900225610222,0.7539900225610223,0.7539900225610223,0.7539900225610223,0.7539900225610222,0.7539900225610223,0.7539900225610223,0.7539900225610223,0.7539900225610222,0.7539900225610223,0.7539900225610223,0.7539900225610223,0.7539900225610222,0.7539900225610223,0,0,0,0,0,0,
42,20,SPIC - Wuchuan,Guizhou,Guizhou,Guizhou,Daozhen,,,1,,,,,,,0.653946767183083,0.653946767183083,0.653946767183083,0.653946767183083,0.653946767183083,0.653946767183083,0.653946767183083,0.653946767183083,0.653946767183083,0.653946767183083,0.653946767183083,0.653946767183083,0.653946767183083,0.6539467671830829,0.6539467671830829,0.6539467671830829,0.6539467671830829,0.653946767183083,0.6539467671830829,0.6539467671830829,0.6539467671830829,0.6539467671830829,
43,20,SPIC - Wuchuan,Guizhou,Guizhou,Guizhou,Wuchuan,,,1,,,,,,,0.3112504938169026,0.3112504938169026,0.3112504938169026,0.3112504938169026,0.3112504938169026,0.3112504938169026,0.3112504938169026,0.3112504938169026,0.3112504938169026,0.3112504938169026,0.3112504938169026,0.3112504938169026,0.3112504938169027,0.3112504938169026,0.31125049381690256,0.3112504938169026,0.3112504938169026,0.3112504938169026,0.3112504938169027,0.3112504938169026,0.3112504938169026,0.3112504938169026,
44,20,SPIC - Wuchuan,Guizhou,Guizhou,Guizhou,Zheng'an,,,1,,,,,,,0.03480273900001447,0.03480273900001447,0.03480273900001447,0.03480273900001447,0.03480273900001447,0.03480273900001447,0.03480273900001447,0.03480273900001447,0.03480273900001447,0.03480273900001447,0.03480273900001447,0.03480273900001447,0.034802739000014474,0.03480273900001447,0.03480273900001447,0.03480273900001446,0.03480273900001446,0.03480273900001447,0.03480273900001447,0.03480273900001447,0.03480273900001447,0.03480273900001447,
45,21,Kaisheng,Guizhou,Guizhou,Guizhou,Kaili,,,0.7,,,,,,,0.8626146417331283,0.8626146417331283,0.8626146417331282,0.8626146417331282,0.8626146417331282,0.8626146417331282,0.8626146417331282,0.8626146417331282,0.8626146417331282,0.8626146417331282,0.8626146417331282,0.8626146417331282,0.8626146417331282,0.8626146417331282,0.8626146417331282,0.8626146417331282,0.8626146417331282,0.8626146417331282,0.8626146417331282,0.8626146417331282,0.8626146417331282,0.8626146417331282,
46,21,Kaisheng,Guizhou,Guizhou,Guizhou,Kaiyang,,,0,,,,,,,0.1373853582668718,0.1373853582668718,0.1373853582668718,0.1373853582668718,0.1373853582668718,0.1373853582668718,0.1373853582668718,0.1373853582668718,0.1373853582668718,0.1373853582668718,0.1373853582668718,0.1373853582668718,0.1373853582668718,0.1373853582668718,0.1373853582668718,0.1373853582668718,0.1373853582668718,0.1373853582668718,0.1373853582668718,0.1373853582668718,0.1373853582668718,0.1373853582668718,
47,22,Huajin,Guizhou,Guizhou,Guizhou,Guiyang,,,1,,,,,,,0.049564476035083495,0.049564476035083495,0.049564476035083495,0.049564476035083495,0.049564476035083495,0.049564476035083495,0.049564476035083495,0.0495644760350835,0.049564476035083495,0.049564476035083495,0.049564476035083495,0.049564476035083495,0.049564476035083495,0.049564476035083495,0.049564476035083495,0.049564476035083495,0.0495644760350835,0.0495644760350835,0,0,0,0,
48,22,Huajin,Guizhou,Guizhou,Guizhou,Jinsha,,,1,,,,,,,0.004833850408256563,0.004833850408256563,0.004833850408256563,0.004833850408256563,0.004833850408256563,0.004833850408256563,0.004833850408256563,0.004833850408256564,0.004833850408256563,0.004833850408256564,0.004833850408256564,0.004833850408256564,0.004833850408256564,0.004833850408256564,0.004833850408256563,0.004833850408256564,0.004833850408256564,0.004833850408256564,0,0,0,0,
49,22,Huajin,Guizhou,Guizhou,Guizhou,Longli,,,0,,,,,,,0.0005792466165705019,0.0005792466165705019,0.0005792466165705019,0.0005792466165705019,0.0005792466165705019,0.0005792466165705019,0.0005792466165705019,0.0005792466165705019,0.0005792466165705019,0.000579246616570502,0.0005792466165705019,0.000579246616570502,0.000579246616570502,0.0005792466165705019,0.000579246616570502,0.000579246616570502,0.0005792466165705021,0.000579246616570502,0,0,0,0,
50,22,Huajin,Guizhou,Guizhou,Guizhou,Qingzhen,,,1,,,,,,,0.7655913685275934,0.7655913685275934,0.7655913685275934,0.7655913685275934,0.7655913685275934,0.7655913685275934,0.7655913685275934,0.7655913685275935,0.7655913685275934,0.7655913685275934,0.7655913685275935,0.7655913685275935,0.7655913685275934,0.7655913685275934,0.7655913685275934,0.7655913685275934,0.7655913685275936,0.7655913685275935,0,0,0,0,
51,22,Huajin,Guizhou,Guizhou,Guizhou,Xiuwen,,,0.5,,,,,,,0.1590459274869452,0.1590459274869452,0.1590459274869452,0.1590459274869452,0.1590459274869452,0.1590459274869452,0.1590459274869452,0.15904592748694524,0.1590459274869452,0.15904592748694524,0.15904592748694524,0.15904592748694527,0.15904592748694524,0.15904592748694524,0.15904592748694524,0.15904592748694524,0.15904592748694527,0.15904592748694527,0,0,0,0,
52,22,Huajin,Guizhou,Guizhou,Guizhou,Zhijin,,,0,,,,,,,0.020385130925550762,0.020385130925550762,0.020385130925550762,0.020385130925550762,0.020385130925550762,0.020385130925550762,0.020385130925550762,0.020385130925550762,0.020385130925550762,0.020385130925550762,0.020385130925550762,0.020385130925550766,0.020385130925550766,0.02038513092555076,0.020385130925550762,0.020385130925550766,0.02038513092555077,0.020385130925550766,0,0,0,0,
53,23.1,Chalco Zhengzhou domestic,Henan,Henan,Henan,Baofeng,,,0.5,,,,,,,0.03093015836162053,0.03093015836162054,0.030930158361620535,0.030930158361620535,0.03093015836162053,0.030930158361620528,0.03093015836162053,0.030930158361620528,0.03093015836162053,0.03093015836162054,0.03093015836162053,0.03093015836162053,0.03093015836162053,0.030930158361620528,0.03093015836162053,0.030930158361620535,0.03093015836162053,0.030930158361620528,0.030930158361620528,0.03093015836162053,0.030930158361620535,0.030930158361620528,
54,23.1,Chalco Zhengzhou domestic,Henan,Henan,Henan,Dengfeng,,,0.3,,,,,,,0.10707741416243075,0.10707741416243073,0.10707741416243073,0.10707741416243075,0.10707741416243073,0.10707741416243073,0.10707741416243075,0.10707741416243073,0.10707741416243073,0.10707741416243076,0.10707741416243073,0.10707741416243073,0.10707741416243073,0.10707741416243073,0.10707741416243073,0.10707741416243073,0.10707741416243073,0.10707741416243072,0.10707741416243073,0.10707741416243072,0.10707741416243075,0.10707741416243075,
55,23.1,Chalco Zhengzhou domestic,Henan,Henan,Henan,Gongyi,,,0.85,,,,,,,0.1839487741553198,0.1839487741553198,0.1839487741553198,0.1839487741553198,0.1839487741553198,0.18394877415531977,0.1839487741553198,0.18394877415531977,0.1839487741553198,0.18394877415531982,0.1839487741553198,0.1839487741553198,0.1839487741553198,0.18394877415531977,0.18394877415531977,0.18394877415531977,0.1839487741553198,0.18394877415531977,0.1839487741553198,0.1839487741553198,0.1839487741553198,0.1839487741553198,
56,23.1,Chalco Zhengzhou domestic,Henan,Henan,Henan,Jiaxian,,,0.8,,,,,,,0.0032000356883030738,0.003200035688303074,0.0032000356883030738,0.0032000356883030738,0.0032000356883030738,0.0032000356883030733,0.003200035688303074,0.0032000356883030738,0.003200035688303074,0.003200035688303074,0.0032000356883030738,0.0032000356883030738,0.0032000356883030738,0.0032000356883030738,0.0032000356883030733,0.0032000356883030738,0.003200035688303074,0.0032000356883030733,0.0032000356883030738,0.0032000356883030738,0.003200035688303074,0.003200035688303074,
57,23.1,Chalco Zhengzhou domestic,Henan,Henan,Henan,Lushan,,,0.8,,,,,,,0.023101468602258642,0.02310146860225865,0.023101468602258646,0.023101468602258646,0.023101468602258642,0.023101468602258642,0.023101468602258646,0.02310146860225864,0.023101468602258646,0.023101468602258646,0.023101468602258646,0.023101468602258642,0.023101468602258642,0.023101468602258642,0.023101468602258642,0.023101468602258642,0.023101468602258646,0.023101468602258642,0.023101468602258642,0.023101468602258642,0.023101468602258646,0.023101468602258646,
58,23.1,Chalco Zhengzhou domestic,Henan,Henan,Henan,Mianchi,,,0.8,,,,,,,0.010723174059398093,0.010723174059398094,0.010723174059398094,0.010723174059398094,0.010723174059398093,0.010723174059398093,0.010723174059398094,0.01072317405939809,0.010723174059398093,0.010723174059398094,0.010723174059398094,0.010723174059398094,0.010723174059398094,0.010723174059398093,0.010723174059398093,0.010723174059398093,0.010723174059398094,0.010723174059398093,0.010723174059398094,0.010723174059398093,0.010723174059398094,0.010723174059398094,
59,23.1,Chalco Zhengzhou domestic,Henan,Henan,Henan,Pingdingshan,,,1,,,,,,,0.006418117866772227,0.006418117866772228,0.006418117866772227,0.006418117866772228,0.006418117866772227,0.006418117866772226,0.006418117866772227,0.006418117866772226,0.006418117866772227,0.006418117866772228,0.006418117866772227,0.006418117866772227,0.006418117866772227,0.006418117866772227,0.006418117866772226,0.006418117866772227,0.006418117866772227,0.006418117866772227,0.006418117866772227,0.006418117866772227,0.006418117866772228,0.006418117866772227,
60,23.1,Chalco Zhengzhou domestic,Henan,Henan,Henan,Ruzhou,,,0.5,,,,,,,0.005740259557449637,0.005740259557449638,0.005740259557449638,0.005740259557449637,0.005740259557449637,0.005740259557449637,0.005740259557449637,0.005740259557449637,0.005740259557449637,0.005740259557449638,0.005740259557449638,0.005740259557449638,0.005740259557449637,0.005740259557449637,0.005740259557449637,0.005740259557449637,0.005740259557449638,0.005740259557449637,0.005740259557449637,0.005740259557449637,0.005740259557449637,0.005740259557449637,
61,23.1,Chalco Zhengzhou domestic,Henan,Henan,Henan,Sanmenxia,,,0.8,,,,,,,0.006573012137954345,0.006573012137954345,0.006573012137954345,0.006573012137954345,0.006573012137954345,0.006573012137954344,0.006573012137954345,0.006573012137954344,0.006573012137954344,0.0065730121379543455,0.006573012137954345,0.006573012137954345,0.006573012137954345,0.006573012137954345,0.006573012137954344,0.006573012137954345,0.006573012137954345,0.006573012137954344,0.006573012137954344,0.006573012137954345,0.0065730121379543455,0.006573012137954345,
62,23.1,Chalco Zhengzhou domestic,Henan,Henan,Henan,Shaan,,,0.8,,,,,,,0.020430348629669495,0.020430348629669498,0.020430348629669498,0.020430348629669498,0.020430348629669495,0.020430348629669495,0.020430348629669498,0.020430348629669495,0.020430348629669498,0.0204303486296695,0.020430348629669495,0.020430348629669498,0.020430348629669495,0.020430348629669498,0.020430348629669495,0.020430348629669495,0.020430348629669495,0.020430348629669495,0.020430348629669495,0.020430348629669495,0.020430348629669498,0.020430348629669498,
63,23.1,Chalco Zhengzhou domestic,Henan,Henan,Henan,Xin'an,,,0.85,,,,,,,0.05862122904382509,0.0586212290438251,0.0586212290438251,0.0586212290438251,0.05862122904382509,0.058621229043825086,0.05862122904382509,0.058621229043825086,0.0586212290438251,0.05862122904382511,0.05862122904382509,0.0586212290438251,0.05862122904382509,0.0586212290438251,0.05862122904382509,0.0586212290438251,0.0586212290438251,0.05862122904382509,0.05862122904382509,0.05862122904382509,0.05862122904382509,0.05862122904382509,
64,23.1,Chalco Zhengzhou domestic,Henan,Henan,Henan,Xingyang,,,1,,,,,,,0.0584678834283684,0.05846788342836841,0.0584678834283684,0.0584678834283684,0.058467883428368395,0.058467883428368395,0.058467883428368395,0.05846788342836839,0.0584678834283684,0.0584678834283684,0.0584678834283684,0.058467883428368395,0.058467883428368395,0.058467883428368395,0.058467883428368395,0.0584678834283684,0.0584678834283684,0.058467883428368395,0.058467883428368395,0.058467883428368395,0.0584678834283684,0.058467883428368395,
65,23.1,Chalco Zhengzhou domestic,Henan,Henan,Henan,Xinmi,,,0.8,,,,,,,0.13583694532761198,0.135836945327612,0.135836945327612,0.13583694532761198,0.13583694532761198,0.13583694532761198,0.13583694532761198,0.13583694532761198,0.13583694532761198,0.135836945327612,0.13583694532761198,0.13583694532761198,0.13583694532761198,0.13583694532761198,0.13583694532761195,0.13583694532761198,0.13583694532761198,0.13583694532761198,0.13583694532761198,0.13583694532761198,0.13583694532761198,0.135836945327612,
66,23.1,Chalco Zhengzhou domestic,Henan,Henan,Henan,Yanshi,,,0.8,,,,,,,0.31270449026500996,0.31270449026500996,0.3127044902650099,0.31270449026500996,0.3127044902650099,0.3127044902650099,0.3127044902650099,0.3127044902650099,0.3127044902650099,0.31270449026500996,0.3127044902650099,0.31270449026500996,0.3127044902650099,0.3127044902650099,0.3127044902650099,0.3127044902650099,0.3127044902650099,0.3127044902650099,0.3127044902650099,0.3127044902650099,0.3127044902650099,0.3127044902650099,
67,23.1,Chalco Zhengzhou domestic,Henan,Henan,Henan,Yuzhou,,,0.8,,,,,,,0.036226688714008,0.036226688714008,0.036226688714008,0.036226688714008,0.036226688714008,0.03622668871400799,0.036226688714008,0.03622668871400799,0.036226688714008,0.036226688714008,0.036226688714008,0.036226688714008,0.03622668871400799,0.03622668871400799,0.03622668871400799,0.036226688714008,0.036226688714008,0.03622668871400799,0.03622668871400799,0.03622668871400799,0.036226688714008,0.036226688714008,
68,24.1,Chalco Zhongzhou Dom. Sinter,Henan,Henan,Henan,Baofeng,,,0.5,,,,,,,0.016793810435749658,0.016793810435749658,0.016793810435749658,0.016793810435749658,0.016793810435749658,0.016793810435749658,0.016793810435749658,0.016793810435749654,0.016793810435749658,0.016793810435749658,0.016793810435749658,0.016793810435749658,0.016793810435749658,0.016793810435749658,0.01679381043574966,0.01679381043574966,0.016793810435749658,0.01679381043574966,0.016793810435749658,0.016793810435749658,0.016793810435749658,0.01679381043574966,
69,24.1,Chalco Zhongzhou Dom. Sinter,Henan,Henan,Henan,Dengfeng,,,0.3,,,,,,,0.06229141571606615,0.06229141571606613,0.062291415716066154,0.06229141571606615,0.06229141571606615,0.06229141571606616,0.06229141571606614,0.06229141571606613,0.06229141571606615,0.06229141571606615,0.06229141571606614,0.062291415716066154,0.06229141571606616,0.06229141571606616,0.062291415716066154,0.06229141571606617,0.06229141571606615,0.06229141571606616,0.062291415716066154,0.06229141571606615,0.06229141571606615,0.06229141571606616,
70,24.1,Chalco Zhongzhou Dom. Sinter,Henan,Henan,Henan,Gongyi,,,0.85,,,,,,,0.4212943965665962,0.4212943965665961,0.42129439656659623,0.4212943965665962,0.4212943965665962,0.42129439656659623,0.4212943965665962,0.4212943965665962,0.42129439656659623,0.42129439656659623,0.4212943965665961,0.4212943965665962,0.42129439656659623,0.42129439656659623,0.42129439656659623,0.4212943965665963,0.42129439656659623,0.4212943965665963,0.4212943965665962,0.42129439656659623,0.4212943965665962,0.42129439656659623,
71,24.1,Chalco Zhongzhou Dom. Sinter,Henan,Henan,Henan,Jiaxian,,,0.8,,,,,,,0.007136113255366423,0.007136113255366421,0.007136113255366424,0.007136113255366422,0.007136113255366423,0.007136113255366424,0.007136113255366422,0.007136113255366422,0.007136113255366423,0.007136113255366424,0.007136113255366421,0.007136113255366423,0.007136113255366424,0.007136113255366424,0.007136113255366423,0.007136113255366424,0.007136113255366424,0.007136113255366424,0.007136113255366422,0.007136113255366423,0.007136113255366423,0.007136113255366423,
72,24.1,Chalco Zhongzhou Dom. Sinter,Henan,Henan,Henan,Jiyuan,,,1,,,,,,,0.01648520718205088,0.016485207182050876,0.016485207182050883,0.01648520718205088,0.01648520718205088,0.01648520718205088,0.016485207182050876,0.016485207182050876,0.01648520718205088,0.01648520718205088,0.016485207182050876,0.01648520718205088,0.01648520718205088,0.016485207182050883,0.01648520718205088,0.016485207182050883,0.01648520718205088,0.016485207182050883,0.01648520718205088,0.01648520718205088,0.01648520718205088,0.016485207182050883,
73,24.1,Chalco Zhongzhou Dom. Sinter,Henan,Henan,Henan,Lushan,,,0.8,,,,,,,0.01194585925584607,0.01194585925584607,0.011945859255846071,0.01194585925584607,0.011945859255846068,0.011945859255846071,0.011945859255846068,0.011945859255846068,0.01194585925584607,0.01194585925584607,0.011945859255846068,0.01194585925584607,0.011945859255846071,0.011945859255846071,0.011945859255846071,0.011945859255846073,0.01194585925584607,0.011945859255846071,0.01194585925584607,0.011945859255846071,0.01194585925584607,0.011945859255846071,
74,24.1,Chalco Zhongzhou Dom. Sinter,Henan,Henan,Henan,Mianchi,,,0.8,,,,,,,0.11644489520562948,0.11644489520562946,0.1164448952056295,0.11644489520562949,0.11644489520562949,0.11644489520562949,0.11644489520562948,0.11644489520562948,0.1164448952056295,0.11644489520562948,0.11644489520562949,0.11644489520562949,0.1164448952056295,0.1164448952056295,0.11644489520562949,0.11644489520562952,0.11644489520562948,0.11644489520562952,0.11644489520562948,0.1164448952056295,0.11644489520562949,0.1164448952056295,
75,24.1,Chalco Zhongzhou Dom. Sinter,Henan,Henan,Henan,Qinyang,,,1,,,,,,,0.02310122171139957,0.023101221711399566,0.023101221711399573,0.023101221711399573,0.023101221711399573,0.023101221711399573,0.02310122171139957,0.023101221711399566,0.02310122171139957,0.02310122171139957,0.02310122171139957,0.023101221711399573,0.023101221711399576,0.023101221711399573,0.023101221711399573,0.023101221711399576,0.02310122171139957,0.023101221711399576,0.02310122171139957,0.02310122171139957,0.02310122171139957,0.023101221711399573,
76,24.1,Chalco Zhongzhou Dom. Sinter,Henan,Henan,Henan,Ruzhou,,,0.5,,,,,,,0.0033393493588548067,0.0033393493588548063,0.0033393493588548076,0.0033393493588548067,0.0033393493588548067,0.0033393493588548067,0.0033393493588548067,0.0033393493588548063,0.003339349358854807,0.0033393493588548067,0.0033393493588548063,0.003339349358854807,0.0033393493588548076,0.0033393493588548076,0.0033393493588548076,0.003339349358854808,0.0033393493588548067,0.003339349358854807,0.0033393493588548063,0.003339349358854807,0.0033393493588548067,0.003339349358854807,
77,24.1,Chalco Zhongzhou Dom. Sinter,Henan,Henan,Henan,Sanmenxia,,,0.8,,,,,,,0.01465788622398413,0.014657886223984128,0.014657886223984132,0.01465788622398413,0.014657886223984132,0.014657886223984134,0.01465788622398413,0.01465788622398413,0.014657886223984132,0.014657886223984132,0.01465788622398413,0.01465788622398413,0.014657886223984134,0.014657886223984134,0.014657886223984134,0.014657886223984134,0.014657886223984132,0.014657886223984134,0.014657886223984132,0.014657886223984132,0.014657886223984132,0.014657886223984132,
78,24.1,Chalco Zhongzhou Dom. Sinter,Henan,Henan,Henan,Shaan,,,0.8,,,,,,,0.045559892375034605,0.0455598923750346,0.04555989237503461,0.04555989237503461,0.04555989237503461,0.04555989237503462,0.045559892375034605,0.0455598923750346,0.045559892375034605,0.04555989237503461,0.045559892375034605,0.04555989237503461,0.04555989237503462,0.04555989237503461,0.04555989237503461,0.04555989237503462,0.04555989237503461,0.04555989237503462,0.045559892375034605,0.045559892375034605,0.04555989237503461,0.04555989237503461,
79,24.1,Chalco Zhongzhou Dom. Sinter,Henan,Henan,Henan,Xin'an,,,0.85,,,,,,,0.14690274830294492,0.1469027483029449,0.14690274830294492,0.14690274830294492,0.14690274830294492,0.14690274830294492,0.1469027483029449,0.1469027483029449,0.14690274830294492,0.14690274830294492,0.1469027483029449,0.14690274830294492,0.14690274830294495,0.14690274830294492,0.14690274830294492,0.14690274830294495,0.14690274830294492,0.14690274830294495,0.1469027483029449,0.14690274830294492,0.14690274830294492,0.14690274830294492,
80,24.1,Chalco Zhongzhou Dom. Sinter,Henan,Henan,Henan,Xingyang,,,1,,,,,,,0.03401321614141203,0.03401321614141202,0.034013216141412034,0.03401321614141203,0.03401321614141203,0.03401321614141203,0.03401321614141203,0.03401321614141202,0.03401321614141203,0.03401321614141203,0.03401321614141203,0.03401321614141203,0.034013216141412034,0.034013216141412034,0.034013216141412034,0.034013216141412034,0.034013216141412034,0.034013216141412034,0.034013216141412034,0.03401321614141203,0.03401321614141203,0.03401321614141203,
81,24.1,Chalco Zhongzhou Dom. Sinter,Henan,Henan,Henan,Xinmi,,,0.8,,,,,,,0.023438740463907523,0.02343874046390752,0.023438740463907527,0.023438740463907523,0.023438740463907523,0.023438740463907527,0.023438740463907523,0.02343874046390752,0.023438740463907523,0.023438740463907527,0.023438740463907523,0.023438740463907527,0.02343874046390753,0.02343874046390753,0.023438740463907527,0.023438740463907533,0.023438740463907527,0.02343874046390753,0.023438740463907523,0.023438740463907527,0.023438740463907523,0.023438740463907527,
82,24.1,Chalco Zhongzhou Dom. Sinter,Henan,Henan,Henan,Yanshi,,,0.8,,,,,,,0.056595247805157546,0.05659524780515754,0.05659524780515756,0.05659524780515755,0.05659524780515755,0.05659524780515755,0.05659524780515754,0.056595247805157546,0.056595247805157546,0.056595247805157546,0.05659524780515754,0.05659524780515756,0.05659524780515756,0.05659524780515756,0.05659524780515755,0.05659524780515757,0.05659524780515755,0.05659524780515756,0.05659524780515755,0.05659524780515755,0.056595247805157546,0.05659524780515756,
83,24.2,Chalco Zhongzhou Dom. Bayer,Henan,Henan,Henan,Baofeng,,,0.5,,,,,,,0.020978546710774326,0.020978546710774326,0.020978546710774326,0.020978546710774326,0.02097854671077433,0.020978546710774322,0,0,0,0,0,0,0,0,0,0,0,0,0,0,0,0,
84,24.2,Chalco Zhongzhou Dom. Bayer,Henan,Henan,Henan,Dengfeng,,,0.3,,,,,,,0.05187559543826895,0.05187559543826895,0.05187559543826895,0.051875595438268945,0.051875595438268966,0.05187559543826895,0,0,0,0,0,0,0,0,0,0,0,0,0,0,0,0,
85,24.2,Chalco Zhongzhou Dom. Bayer,Henan,Henan,Henan,Gongyi,,,0.85,,,,,,,0.4375580129165455,0.43755801291654545,0.4375580129165455,0.43755801291654545,0.43755801291654556,0.43755801291654545,0,0,0,0,0,0,0,0,0,0,0,0,0,0,0,0,
86,24.2,Chalco Zhongzhou Dom. Bayer,Henan,Henan,Henan,Jiaxian,,,0.8,,,,,,,0.007493190766166396,0.007493190766166395,0.007493190766166395,0.0074931907661663945,0.007493190766166398,0.007493190766166395,0,0,0,0,0,0,0,0,0,0,0,0,0,0,0,0,
87,24.2,Chalco Zhongzhou Dom. Bayer,Henan,Henan,Henan,Jiyuan,,,1,,,,,,,0.027457392923941847,0.027457392923941844,0.027457392923941844,0.02745739292394184,0.02745739292394185,0.027457392923941844,0,0,0,0,0,0,0,0,0,0,0,0,0,0,0,0,
88,24.2,Chalco Zhongzhou Dom. Bayer,Henan,Henan,Henan,Lushan,,,0.8,,,,,,,0.012435472745793747,0.012435472745793747,0.012435472745793746,0.012435472745793747,0.01243547274579375,0.012435472745793747,0,0,0,0,0,0,0,0,0,0,0,0,0,0,0,0,
89,24.2,Chalco Zhongzhou Dom. Bayer,Henan,Henan,Henan,Mianchi,,,0.8,,,,,,,0.04848700422373747,0.04848700422373747,0.04848700422373747,0.048487004223737466,0.04848700422373749,0.04848700422373747,0,0,0,0,0,0,0,0,0,0,0,0,0,0,0,0,
90,24.2,Chalco Zhongzhou Dom. Bayer,Henan,Henan,Henan,Qinyang,,,1,,,,,,,0.047677871779216584,0.047677871779216584,0.047677871779216584,0.04767787177921658,0.04767787177921659,0.047677871779216584,0,0,0,0,0,0,0,0,0,0,0,0,0,0,0,0,
91,24.2,Chalco Zhongzhou Dom. Bayer,Henan,Henan,Henan,Ruzhou,,,0.5,,,,,,,0.0027809728582805487,0.0027809728582805487,0.0027809728582805487,0.0027809728582805487,0.0027809728582805495,0.0027809728582805487,0,0,0,0,0,0,0,0,0,0,0,0,0,0,0,0,
92,24.2,Chalco Zhongzhou Dom. Bayer,Henan,Henan,Henan,Sanmenxia,,,0.8,,,,,,,0.002653679124999566,0.002653679124999566,0.002653679124999566,0.002653679124999566,0.002653679124999567,0.002653679124999566,0,0,0,0,0,0,0,0,0,0,0,0,0,0,0,0,
93,24.2,Chalco Zhongzhou Dom. Bayer,Henan,Henan,Henan,Shaan,,,0.8,,,,,,,0.04783962260726662,0.04783962260726661,0.04783962260726662,0.04783962260726661,0.047839622607266624,0.04783962260726661,0,0,0,0,0,0,0,0,0,0,0,0,0,0,0,0,
94,24.2,Chalco Zhongzhou Dom. Bayer,Henan,Henan,Henan,Xingyang,,,1,,,,,,,0.02832582661723219,0.02832582661723219,0.02832582661723219,0.028325826617232187,0.028325826617232198,0.02832582661723219,0,0,0,0,0,0,0,0,0,0,0,0,0,0,0,0,
95,24.2,Chalco Zhongzhou Dom. Bayer,Henan,Henan,Henan,Xinmi,,,0.8,,,,,,,0.07590924962797817,0.07590924962797817,0.07590924962797817,0.07590924962797815,0.0759092496279782,0.07590924962797817,0,0,0,0,0,0,0,0,0,0,0,0,0,0,0,0,
96,24.2,Chalco Zhongzhou Dom. Bayer,Henan,Henan,Henan,Yanshi,,,0.8,,,,,,,0.18852756165979814,0.18852756165979814,0.18852756165979814,0.18852756165979814,0.1885275616597982,0.18852756165979814,0,0,0,0,0,0,0,0,0,0,0,0,0,0,0,0,
97,25.1,Kaiman,Henan,Henan,Henan,Hubin,,,1,,,,,,,0.019224338461648352,0.01922433846164835,0.019224338461648352,0.01922433846164835,0.019224338461648352,0.01922433846164835,0.019224338461648352,0.01922433846164835,0.019224338461648352,0.01922433846164835,0.01922433846164835,0.019224338461648352,0.01922433846164835,0.019224338461648352,0,0,0,0,0,0,0,0,
98,25.1,Kaiman,Henan,Henan,Henan,Mianchi,,,1,,,,,,,0.1498854320321194,0.1498854320321194,0.1498854320321194,0.14988543203211938,0.1498854320321194,0.14988543203211938,0.1498854320321194,0.14988543203211938,0.1498854320321194,0.1498854320321194,0.14988543203211938,0.1498854320321194,0.1498854320321194,0.1498854320321194,0,0,0,0,0,0,0,0,
99,25.1,Kaiman,Henan,Henan,Henan,Ruzhou,,,0,,,,,,,0.005731120808917314,0.005731120808917315,0.005731120808917315,0.005731120808917314,0.005731120808917316,0.005731120808917314,0.005731120808917315,0.005731120808917314,0.005731120808917315,0.005731120808917315,0.005731120808917314,0.005731120808917315,0.005731120808917314,0.005731120808917315,0,0,0,0,0,0,0,0,
100,25.1,Kaiman,Henan,Henan,Henan,Sanmenxia,,,1,,,,,,,0.0656254760956369,0.06562547609563692,0.06562547609563692,0.06562547609563692,0.06562547609563692,0.0656254760956369,0.06562547609563692,0.0656254760956369,0.06562547609563692,0.06562547609563692,0.0656254760956369,0.06562547609563692,0.06562547609563692,0.06562547609563692,0,0,0,0,0,0,0,0,
101,25.1,Kaiman,Henan,Henan,Henan,Shaan,,,1,,,,,,,0.7343216135285101,0.7343216135285101,0.7343216135285101,0.73432161352851,0.7343216135285101,0.73432161352851,0.7343216135285101,0.7343216135285101,0.7343216135285101,0.73432161352851,0.7343216135285101,0.73432161352851,0.7343216135285101,0.7343216135285101,0,0,0,0,0,0,0,0,
102,25.1,Kaiman,Henan,Henan,Henan,Xin'an,,,0,,,,,,,0.025212019073167925,0.02521201907316793,0.02521201907316793,0.025212019073167925,0.025212019073167932,0.025212019073167922,0.025212019073167925,0.025212019073167925,0.025212019073167925,0.025212019073167925,0.025212019073167925,0.025212019073167925,0.025212019073167925,0.025212019073167925,0,0,0,0,0,0,0,0,
103,26.1,East Hope Mianchi,Henan,Henan,Henan,Mianchi,,,0.7,,,,,,,0.7513691687464082,0.7513691687464081,0.7513691687464082,0.7513691687464084,0.7513691687464081,0.7513691687464084,0.7513691687464081,0.7513691687464084,0.7513691687464082,0.7513691687464084,0.7513691687464081,0.7513691687464082,0.7513691687464084,0,0,0,0,0,0,0,0,0,
104,26.1,East Hope Mianchi,Henan,Henan,Henan,Ruzhou,,,0,,,,,,,0.00478830999846312,0.00478830999846312,0.00478830999846312,0.0047883099984631205,0.00478830999846312,0.0047883099984631205,0.004788309998463119,0.0047883099984631205,0.00478830999846312,0.0047883099984631205,0.004788309998463119,0.00478830999846312,0.00478830999846312,0,0,0,0,0,0,0,0,0,
105,26.1,East Hope Mianchi,Henan,Henan,Henan,Sanmenxia,,,1,,,,,,,0.03947731977075689,0.039477319770756886,0.039477319770756886,0.0394773197707569,0.03947731977075689,0.03947731977075689,0.03947731977075688,0.039477319770756886,0.03947731977075689,0.0394773197707569,0.039477319770756886,0.03947731977075689,0.03947731977075689,0,0,0,0,0,0,0,0,0,
106,26.1,East Hope Mianchi,Henan,Henan,Henan,Xin'an,,,0,,,,,,,0.16851567727208155,0.16851567727208155,0.16851567727208153,0.1685156772720816,0.16851567727208155,0.16851567727208155,0.16851567727208153,0.16851567727208155,0.16851567727208155,0.16851567727208158,0.16851567727208155,0.16851567727208155,0.16851567727208158,0,0,0,0,0,0,0,0,0,
107,26.1,East Hope Mianchi,Henan,Henan,Henan,Xinmi,,,0,,,,,,,0.0358495242122902,0.0358495242122902,0.0358495242122902,0.035849524212290214,0.0358495242122902,0.03584952421229021,0.0358495242122902,0.0358495242122902,0.03584952421229021,0.03584952421229021,0.03584952421229019,0.0358495242122902,0.03584952421229021,0,0,0,0,0,0,0,0,0,
108,27,Huiyuan Lushan,Henan,Henan,Henan,Baofeng,,,0.5,,,,,,,0.28119020650505766,0.2811902065050576,0.2811902065050576,0.2811902065050576,0,0,0,0,0,0,0,0,0,0,0,0,0,0,0,0,0,0,
109,27,Huiyuan Lushan,Henan,Henan,Henan,Jiaxian,,,0.2,,,,,,,0.047497065211607535,0.04749706521160753,0.04749706521160752,0.047497065211607535,0,0,0,0,0,0,0,0,0,0,0,0,0,0,0,0,0,0,
110,27,Huiyuan Lushan,Henan,Henan,Henan,Jiyuan,,,0,,,,,,,0.015772745828220754,0.015772745828220754,0.01577274582822075,0.015772745828220754,0,0,0,0,0,0,0,0,0,0,0,0,0,0,0,0,0,0,
111,27,Huiyuan Lushan,Henan,Henan,Henan,Lushan,,,0,,,,,,,0.17144370679998433,0.1714437067999843,0.1714437067999843,0.1714437067999843,0,0,0,0,0,0,0,0,0,0,0,0,0,0,0,0,0,0,
112,27,Huiyuan Lushan,Henan,Henan,Henan,Pingdingshan,,,0.8,,,,,,,0.2000501757966699,0.20005017579666987,0.20005017579666984,0.2000501757966699,0,0,0,0,0,0,0,0,0,0,0,0,0,0,0,0,0,0,
113,27,Huiyuan Lushan,Henan,Henan,Henan,Ruzhou,,,0.8,,,,,,,0.09585085846264017,0.09585085846264016,0.09585085846264015,0.09585085846264016,0,0,0,0,0,0,0,0,0,0,0,0,0,0,0,0,0,0,
114,27,Huiyuan Lushan,Henan,Henan,Henan,Yuzhou,,,0,,,,,,,0.18819524139581972,0.1881952413958197,0.18819524139581967,0.1881952413958197,0,0,0,0,0,0,0,0,0,0,0,0,0,0,0,0,0,0,
115,28,Jingxin,Henan,Henan,Henan,Dengfeng,,,0,,,,,,,0.4347758307965612,0.4347758307965611,0.43477583079656124,0.4347758307965612,0.4347758307965611,0.4347758307965611,0.4347758307965611,0.4347758307965611,0.4347758307965611,0.4347758307965612,0.4347758307965612,0.4347758307965612,0.4347758307965612,0.4347758307965612,0.4347758307965612,0.4347758307965612,0.4347758307965612,0.4347758307965612,0.4347758307965612,0.4347758307965612,0.4347758307965612,0.4347758307965612,
116,28,Jingxin,Henan,Henan,Henan,Gongyi,,,0.75,,,,,,,0.5652241692034389,0.5652241692034388,0.5652241692034389,0.5652241692034388,0.5652241692034388,0.5652241692034388,0.5652241692034388,0.5652241692034388,0.5652241692034388,0.5652241692034389,0.5652241692034388,0.5652241692034388,0.5652241692034388,0.5652241692034388,0.5652241692034388,0.5652241692034388,0.5652241692034388,0.5652241692034388,0.5652241692034388,0.5652241692034388,0.5652241692034388,0.5652241692034388,
117,29,Shenhuo,Henan,Henan,Henan,Ruzhou,,,0.8,,,,,,,0.253477324265844,0.253477324265844,0.253477324265844,0.25347732426584396,0.25347732426584396,0.253477324265844,0.253477324265844,0.253477324265844,0.253477324265844,0.253477324265844,0.253477324265844,0.253477324265844,0.253477324265844,0.253477324265844,0.253477324265844,0.253477324265844,0.253477324265844,0.253477324265844,0.253477324265844,0.253477324265844,0.253477324265844,0.253477324265844,
118,29,Shenhuo,Henan,Henan,Henan,Yuzhou,,,0,,,,,,,0.746522675734156,0.746522675734156,0.746522675734156,0.746522675734156,0.746522675734156,0.746522675734156,0.746522675734156,0.746522675734156,0.746522675734156,0.746522675734156,0.746522675734156,0.746522675734156,0.746522675734156,0.746522675734156,0.746522675734156,0.746522675734156,0.746522675734156,0.746522675734156,0.746522675734156,0.746522675734156,0.746522675734156,0.746522675734156,
119,30.1,Wanji,Henan,Henan,Henan,Xin'an,,,1,,,,,,,0.9942431424093668,0.9942431424093668,0.9942431424093668,0.9942431424093668,0.9942431424093668,0.9942431424093668,0.9942431424093667,0.9942431424093667,0.9942431424093668,0.9942431424093668,0.9942431424093668,0.9942431424093668,0.994243142409367,0.9942431424093668,0.9942431424093668,0.9942431424093668,0.9942431424093668,0.9942431424093668,0.9942431424093668,0.9942431424093668,0.9942431424093668,0.9942431424093668,
120,30.1,Wanji,Henan,Henan,Henan,Yichuan,,,0.5,,,,,,,0.005756857590633166,0.005756857590633168,0.005756857590633167,0.005756857590633166,0.005756857590633167,0.005756857590633168,0.005756857590633166,0.005756857590633166,0.005756857590633168,0.005756857590633167,0.005756857590633167,0.005756857590633167,0.005756857590633168,0.005756857590633167,0.005756857590633167,0.005756857590633167,0.005756857590633167,0.005756857590633167,0.005756857590633167,0.005756857590633167,0.005756857590633167,0.005756857590633167,
121,31,Weilai,Henan,Shanxi,Shanxi,Jiaokou,,,0,,,,,,,0.4510106203578885,0.4510106203578885,0.4510106203578885,0.4510106203578885,0.4510106203578885,0.4510106203578885,0.45101062035788847,0.4510106203578885,0,0,0,0,0,0,0,0,0,0,0,0,0,0,
122,31,Weilai,Henan,Shanxi,Shanxi,Jincheng,,,0,,,,,,,0.5489893796421115,0.5489893796421115,0.5489893796421116,0.5489893796421115,0.5489893796421115,0.5489893796421115,0.5489893796421115,0.5489893796421115,0,0,0,0,0,0,0,0,0,0,0,0,0,0,
123,32,Yifeng Gongyi (Yulian Xinya),Henan,Henan,Henan,Gongyi,,,0,,,,,,,0.44056228297514993,0.4405622829751498,0.4405622829751499,0.4405622829751499,0.4405622829751499,0.4405622829751499,0.4405622829751499,0.4405622829751499,0.4405622829751499,0.4405622829751499,0.4405622829751499,0.4405622829751499,0.4405622829751499,0.4405622829751499,0.4405622829751499,0.4405622829751499,0.4405622829751499,0.4405622829751499,0.4405622829751499,0.4405622829751499,0.4405622829751499,0.4405622829751499,
124,32,Yifeng Gongyi (Yulian Xinya),Henan,Henan,Henan,Xin'an,,,0,,,,,,,0.5594377170248501,0.5594377170248501,0.5594377170248501,0.5594377170248501,0.5594377170248501,0.5594377170248501,0.5594377170248501,0.5594377170248501,0.5594377170248501,0.5594377170248501,0.5594377170248501,0.5594377170248501,0.5594377170248501,0.5594377170248501,0.5594377170248501,0.5594377170248501,0.5594377170248501,0.5594377170248501,0.5594377170248501,0.5594377170248501,0.5594377170248501,0.5594377170248501,
125,33,Yima Yixiang,Henan,Henan,Henan,Mianchi,,,0.85,,,,,,,0.8341279643133427,0.8341279643133427,0.8341279643133427,0.8341279643133427,0.8341279643133426,0.8341279643133426,0.8341279643133426,0.8341279643133427,0.8341279643133427,0.8341279643133427,0.8341279643133428,0.8341279643133427,0,0,0,0,0,0,0,0,0,0,
126,33,Yima Yixiang,Henan,Henan,Henan,Ruzhou,,,0,,,,,,,0.026578567741237055,0.02657856774123706,0.026578567741237055,0.026578567741237052,0.02657856774123705,0.026578567741237052,0.026578567741237052,0.026578567741237052,0.026578567741237055,0.026578567741237052,0.026578567741237062,0.02657856774123706,0,0,0,0,0,0,0,0,0,0,
127,33,Yima Yixiang,Henan,Henan,Henan,Xinmi,,,0,,,,,,,0.13929346794542036,0.13929346794542033,0.13929346794542033,0.1392934679454203,0.1392934679454203,0.1392934679454203,0.1392934679454203,0.13929346794542033,0.13929346794542033,0.1392934679454203,0.13929346794542036,0.13929346794542036,0,0,0,0,0,0,0,0,0,0,
128,34,Zhongmei,Henan,Henan,Henan,Baofeng,,,0,,,,,,,0.06191051580355688,0.06191051580355687,0.06191051580355689,0.06191051580355687,0.06191051580355688,0.06191051580355688,0.06191051580355689,0.06191051580355688,0.06191051580355688,0.06191051580355689,0.06191051580355687,0.061910515803556866,0.061910515803556894,0.061910515803556894,0.061910515803556894,0.061910515803556894,0.061910515803556894,0.061910515803556894,0.061910515803556894,0.061910515803556894,0.061910515803556894,0.061910515803556894,
129,34,Zhongmei,Henan,Henan,Henan,Dengfeng,,,0.7,,,,,,,0.770926898820441,0.770926898820441,0.7709268988204411,0.7709268988204409,0.7709268988204411,0.770926898820441,0.7709268988204411,0.770926898820441,0.7709268988204411,0.7709268988204411,0.7709268988204409,0.7709268988204409,0.770926898820441,0.770926898820441,0.770926898820441,0.770926898820441,0.770926898820441,0.770926898820441,0.770926898820441,0.770926898820441,0.770926898820441,0.770926898820441,
130,34,Zhongmei,Henan,Henan,Henan,Ruzhou,,,0,,,,,,,0.012310537981390661,0.012310537981390661,0.012310537981390663,0.012310537981390661,0.012310537981390661,0.012310537981390663,0.012310537981390665,0.01231053798139066,0.012310537981390661,0.012310537981390663,0.01231053798139066,0.012310537981390661,0.012310537981390663,0.012310537981390663,0.012310537981390663,0.012310537981390663,0.012310537981390663,0.012310537981390663,0.012310537981390663,0.012310537981390663,0.012310537981390663,0.012310537981390663,
131,34,Zhongmei,Henan,Henan,Henan,Xinmi,,,0,,,,,,,0.046083788380910165,0.04608378838091016,0.04608378838091017,0.04608378838091016,0.04608378838091017,0.04608378838091017,0.04608378838091017,0.046083788380910165,0.04608378838091017,0.04608378838091017,0.04608378838091016,0.04608378838091016,0.04608378838091017,0.04608378838091017,0.04608378838091017,0.04608378838091017,0.04608378838091017,0.04608378838091017,0.04608378838091017,0.04608378838091017,0.04608378838091017,0.04608378838091017,
132,34,Zhongmei,Henan,Henan,Henan,Yuzhou,,,0,,,,,,,0.1087682590137013,0.10876825901370128,0.1087682590137013,0.10876825901370128,0.1087682590137013,0.1087682590137013,0.1087682590137013,0.10876825901370127,0.10876825901370128,0.1087682590137013,0.10876825901370127,0.10876825901370128,0.10876825901370131,0.10876825901370131,0.10876825901370131,0.10876825901370131,0.10876825901370131,0.10876825901370131,0.10876825901370131,0.10876825901370131,0.10876825901370131,0.10876825901370131,
133,35,Shaoxing,Henan,Henan,Henan,Mianchi,,,0.7,,,,,,,0,0,0,0,0,0,0,0,0,0,0,0,0,0,0,0,0,0,0,0,0,0,
134,36,Zhongchao,Henan,Henan,Henan,Xin'an,,,0,,,,,,,1.0,1.0,1.0,1.0,1.0,1.0,1.0,1.0,1.0,1.0,1.0,1.0,1.0,1.0,1.0,1.0,1.0,1.0,1.0,1.0,1.0,1.0,
135,37,Jialu Xianfeng,Hubei,Other,Hubei,Yicheng,,,0.5,,,,,,,1.0,1.0,1.0,1.0,1.0,1.0,1.0,1.0,1.0,1.0,1.0,1.0,1.0,1.0,1.0,1.0,1.0,1.0,1.0,1.0,1.0,1.0,
136,38,Jinshi,Hubei,Other,Hubei,Yicheng,,,1,,,,,,,1.0,1.0,1.0,1.0,1.0,1.0,1.0,1.0,1.0,1.0,1.0,1.0,1.0,1.0,1.0,1.0,1.0,1.0,1.0,1.0,1.0,1.0,
137,39,Huixiang,Hunan,Other,Hunan,Chenxi,,,0.5,,,,,,,1.0,1.0,1.0,1.0,1.0,0,0,0,0,0,0,0,0,0,0,0,0,0,0,0,0,0,
138,40.2,Xinwang H-B,Inner Mongolia,Shanxi,Shanxi,Huairen,,,0,,,,,,,0.005988184082173493,0.005988184082173493,0.005988184082173493,0.005988184082173493,0.005988184082173493,0.005988184082173493,0.005988184082173493,0.005988184082173493,0.005988184082173493,0.005988184082173493,0.005988184082173493,0.005988184082173493,0.005988184082173493,0.005988184082173493,0.005988184082173493,0.005988184082173493,0.005988184082173493,0.005988184082173493,0.005988184082173493,0.005988184082173493,0.005988184082173493,0.005988184082173493,
139,40.2,Xinwang H-B,Inner Mongolia,Shanxi,Shanxi,Loufan,,,0,,,,,,,0.5022209868284532,0.5022209868284532,0.5022209868284532,0.5022209868284532,0.5022209868284532,0.5022209868284532,0.5022209868284532,0.5022209868284532,0.5022209868284532,0.5022209868284532,0.5022209868284532,0.5022209868284532,0.5022209868284532,0.5022209868284532,0.5022209868284532,0.5022209868284532,0.5022209868284532,0.5022209868284532,0.5022209868284532,0.5022209868284532,0.5022209868284532,0.5022209868284532,
140,40.2,Xinwang H-B,Inner Mongolia,Shanxi,Shanxi,Ningwu,,,0,,,,,,,0.16545926343908224,0.16545926343908224,0.16545926343908224,0.16545926343908224,0.16545926343908224,0.16545926343908224,0.16545926343908224,0.16545926343908224,0.16545926343908227,0.16545926343908227,0.16545926343908227,0.16545926343908227,0.16545926343908227,0.16545926343908227,0.16545926343908227,0.16545926343908227,0.16545926343908227,0.16545926343908227,0.16545926343908227,0.16545926343908227,0.16545926343908227,0.16545926343908227,
141,40.2,Xinwang H-B,Inner Mongolia,Shanxi,Shanxi,Shenchi,,,0,,,,,,,0.03288126037241879,0.03288126037241879,0.03288126037241879,0.03288126037241879,0.03288126037241879,0.03288126037241879,0.03288126037241879,0.0328812603724188,0.03288126037241879,0.03288126037241879,0.03288126037241879,0.03288126037241879,0.03288126037241879,0.03288126037241879,0.03288126037241879,0.03288126037241879,0.03288126037241879,0.03288126037241879,0.03288126037241879,0.03288126037241879,0.03288126037241879,0.03288126037241879,
142,40.2,Xinwang H-B,Inner Mongolia,Shanxi,Shanxi,Shuozhou,,,0,,,,,,,0.039462076010663434,0.039462076010663434,0.039462076010663434,0.039462076010663434,0.039462076010663434,0.039462076010663434,0.039462076010663434,0.039462076010663434,0.039462076010663434,0.039462076010663434,0.039462076010663434,0.039462076010663434,0.039462076010663434,0.039462076010663434,0.039462076010663434,0.039462076010663434,0.039462076010663434,0.039462076010663434,0.039462076010663434,0.039462076010663434,0.039462076010663434,0.039462076010663434,
143,40.2,Xinwang H-B,Inner Mongolia,Shanxi,Shanxi,Wutai,,,0,,,,,,,0.2539882292672088,0.2539882292672088,0.2539882292672088,0.2539882292672088,0.2539882292672088,0.2539882292672088,0.2539882292672088,0.2539882292672089,0.2539882292672088,0.2539882292672088,0.2539882292672088,0.2539882292672088,0.2539882292672088,0.2539882292672088,0.2539882292672088,0.2539882292672088,0.2539882292672088,0.2539882292672088,0.2539882292672088,0.2539882292672088,0.2539882292672088,0.2539882292672088,
144,46.2,Chalco Shandong sinter,Shandong,Shanxi,Shanxi,Yangquan,,,1,,,,,,,1.0,1.0,1.0,1.0,1.0,1.0,0,0,0,0,0,0,0,0,0,0,0,0,0,0,0,0,
145,54,Aokaida,Shanxi,Shanxi,Shanxi,Lin,,,0,,,,,,,0.4050756982184519,0.4050756982184519,0.4050756982184519,0.4050756982184519,0.4050756982184519,0.4050756982184519,0.4050756982184519,0.4050756982184519,0.40507569821845196,0.40507569821845196,0.4050756982184519,0.40507569821845196,0.4050756982184519,0.4050756982184519,0.4050756982184519,0.4050756982184519,0.4050756982184519,0.4050756982184519,0.4050756982184519,0.4050756982184519,0.4050756982184519,0.4050756982184519,
146,54,Aokaida,Shanxi,Shanxi,Shanxi,Xing,,,1,,,,,,,0.5949243017815481,0.5949243017815481,0.5949243017815481,0.5949243017815481,0.5949243017815481,0.5949243017815481,0.5949243017815481,0.5949243017815481,0.5949243017815481,0.5949243017815481,0.5949243017815481,0.5949243017815481,0.5949243017815481,0.5949243017815481,0.5949243017815481,0.5949243017815481,0.5949243017815481,0.5949243017815481,0.5949243017815481,0.5949243017815481,0.5949243017815481,0.5949243017815481,
147,55,Chalco Lvliang (Xing),Shanxi,Shanxi,Shanxi,Xing,,,1,,,,,,,0.8230422051773256,0.8230422051773256,0.8230422051773256,0.8230422051773256,0.8230422051773256,0.8230422051773256,0.8230422051773255,0.8230422051773256,0.8230422051773257,0.8230422051773257,0.8230422051773256,0,0,0,0,0,0,0,0,0,0,0,
148,55,Chalco Lvliang (Xing),Shanxi,Shanxi,Shanxi,Yuanping,,,0.8,,,,,,,0.17695779482267437,0.17695779482267437,0.17695779482267437,0.17695779482267437,0.17695779482267437,0.17695779482267437,0.17695779482267437,0.17695779482267437,0.1769577948226744,0.17695779482267437,0.17695779482267437,0,0,0,0,0,0,0,0,0,0,0,
149,56.1,Chalco Shanxi,Shanxi,Shanxi,Shanxi,Gu,,,1,,,,,,,0.03837578142620967,0.03837578142620966,0.03837578142620967,0.03837578142620967,0.03837578142620966,0.03837578142620966,0.03837578142620967,0.03837578142620966,0.03837578142620966,0.03837578142620966,0.03837578142620967,0.03837578142620967,0,0,0,0,0,0,0,0,0,0,
150,56.1,Chalco Shanxi,Shanxi,Shanxi,Shanxi,Jiaokou,,,0.8,,,,,,,0.16104301504324714,0.1610430150432471,0.16104301504324714,0.16104301504324714,0.1610430150432471,0.1610430150432471,0.16104301504324714,0.16104301504324714,0.1610430150432471,0.1610430150432471,0.16104301504324714,0.1610430150432471,0,0,0,0,0,0,0,0,0,0,
151,56.1,Chalco Shanxi,Shanxi,Shanxi,Shanxi,Loufan,,,0.5,,,,,,,0.1089755583168276,0.10897555831682758,0.10897555831682759,0.1089755583168276,0.1089755583168276,0.10897555831682758,0.10897555831682759,0.10897555831682759,0.10897555831682758,0.1089755583168276,0.10897555831682759,0.1089755583168276,0,0,0,0,0,0,0,0,0,0,
152,56.1,Chalco Shanxi,Shanxi,Shanxi,Shanxi,Ningwu,,,0,,,,,,,0.03590255303069465,0.03590255303069465,0.03590255303069465,0.03590255303069465,0.03590255303069465,0.035902553030694645,0.03590255303069465,0.03590255303069465,0.03590255303069465,0.03590255303069465,0.03590255303069465,0.03590255303069465,0,0,0,0,0,0,0,0,0,0,
153,56.1,Chalco Shanxi,Shanxi,Shanxi,Shanxi,Pinglu,,,1,,,,,,,0.1347976155853016,0.1347976155853016,0.1347976155853016,0.13479761558530162,0.1347976155853016,0.1347976155853016,0.13479761558530162,0.1347976155853016,0.1347976155853016,0.1347976155853016,0.1347976155853016,0.1347976155853016,0,0,0,0,0,0,0,0,0,0,
154,56.1,Chalco Shanxi,Shanxi,Shanxi,Shanxi,Qinyuan,,,1,,,,,,,0.07799656146241835,0.07799656146241833,0.07799656146241833,0.07799656146241835,0.07799656146241833,0.07799656146241833,0.07799656146241833,0.07799656146241835,0.07799656146241833,0.07799656146241835,0.07799656146241835,0.07799656146241835,0,0,0,0,0,0,0,0,0,0,
155,56.1,Chalco Shanxi,Shanxi,Shanxi,Shanxi,Xia,,,1,,,,,,,0.00535969912034526,0.00535969912034526,0.00535969912034526,0.0053596991203452606,0.00535969912034526,0.005359699120345259,0.00535969912034526,0.00535969912034526,0.00535969912034526,0.00535969912034526,0.0053596991203452606,0.00535969912034526,0,0,0,0,0,0,0,0,0,0,
156,56.1,Chalco Shanxi,Shanxi,Shanxi,Shanxi,Xiaoyi,,,1,,,,,,,0.18249224104928938,0.18249224104928935,0.18249224104928935,0.18249224104928938,0.18249224104928935,0.18249224104928932,0.18249224104928935,0.18249224104928935,0.18249224104928935,0.18249224104928935,0.18249224104928935,0.18249224104928935,0,0,0,0,0,0,0,0,0,0,
157,56.1,Chalco Shanxi,Shanxi,Shanxi,Shanxi,Xing,,,1,,,,,,,0.2550569749656664,0.25505697496566637,0.25505697496566637,0.2550569749656664,0.25505697496566637,0.2550569749656663,0.25505697496566637,0.2550569749656664,0.25505697496566637,0.25505697496566637,0.25505697496566637,0.25505697496566637,0,0,0,0,0,0,0,0,0,0,
158,57.1,SPIC Shanxi,Shanxi,Shanxi,Shanxi,Huairen,,,0.9,,,,,,,0.004734064183633675,0.0047340641836336765,0.004734064183633676,0.004734064183633676,0.004734064183633676,0.004734064183633676,0.004734064183633676,0.0047340641836336765,0.0047340641836336765,0.0047340641836336765,0.0047340641836336765,0.004734064183633676,0.004734064183633676,0.0047340641836336765,0.004734064183633676,0,0,0,0,0,0,0,
159,57.1,SPIC Shanxi,Shanxi,Shanxi,Shanxi,Loufan,,,0,,,,,,,0.14013163376726465,0.14013163376726467,0.14013163376726465,0.14013163376726465,0.14013163376726462,0.14013163376726465,0.14013163376726465,0.14013163376726467,0.14013163376726465,0.14013163376726467,0.14013163376726467,0.14013163376726465,0.14013163376726467,0.14013163376726467,0.14013163376726465,0,0,0,0,0,0,0,
160,57.1,SPIC Shanxi,Shanxi,Shanxi,Shanxi,Ningwu,,,1,,,,,,,0.0769451347529771,0.07694513475297711,0.0769451347529771,0.07694513475297711,0.0769451347529771,0.07694513475297711,0.07694513475297711,0.07694513475297711,0.07694513475297711,0.07694513475297711,0.07694513475297711,0.0769451347529771,0.0769451347529771,0.07694513475297711,0.0769451347529771,0,0,0,0,0,0,0,
161,57.1,SPIC Shanxi,Shanxi,Shanxi,Shanxi,Shenchi,,,0,,,,,,,0.029053076991036122,0.029053076991036125,0.02905307699103612,0.029053076991036122,0.02905307699103612,0.029053076991036122,0.029053076991036125,0.029053076991036122,0.029053076991036122,0.029053076991036125,0.029053076991036125,0.029053076991036122,0.029053076991036122,0.02905307699103613,0.029053076991036122,0,0,0,0,0,0,0,
162,57.1,SPIC Shanxi,Shanxi,Shanxi,Shanxi,Shuozhou,,,0,,,,,,,0.034867724626150044,0.03486772462615005,0.03486772462615005,0.034867724626150044,0.034867724626150044,0.03486772462615005,0.034867724626150044,0.03486772462615005,0.03486772462615005,0.03486772462615005,0.03486772462615005,0.034867724626150044,0.03486772462615005,0.03486772462615005,0.03486772462615005,0,0,0,0,0,0,0,
163,57.1,SPIC Shanxi,Shanxi,Shanxi,Shanxi,Wutai,,,0.8,,,,,,,0.14173754763472018,0.1417375476347202,0.14173754763472018,0.14173754763472018,0.14173754763472018,0.1417375476347202,0.1417375476347202,0.1417375476347202,0.1417375476347202,0.1417375476347202,0.1417375476347202,0.1417375476347202,0.1417375476347202,0.1417375476347202,0.1417375476347202,0,0,0,0,0,0,0,
164,57.1,SPIC Shanxi,Shanxi,Shanxi,Shanxi,Xing,,,1,,,,,,,0.4997755096818696,0.4997755096818697,0.4997755096818697,0.4997755096818696,0.4997755096818697,0.4997755096818697,0.4997755096818697,0.49977550968186973,0.4997755096818697,0.49977550968186973,0.4997755096818697,0.4997755096818697,0.4997755096818697,0.49977550968186973,0.4997755096818697,0,0,0,0,0,0,0,
165,57.1,SPIC Shanxi,Shanxi,Shanxi,Shanxi,Yuanping,,,1,,,,,,,0.07275530836234852,0.07275530836234854,0.07275530836234852,0.07275530836234853,0.07275530836234853,0.07275530836234853,0.07275530836234853,0.07275530836234853,0.07275530836234853,0.07275530836234853,0.07275530836234853,0.07275530836234852,0.07275530836234853,0.07275530836234853,0.07275530836234852,0,0,0,0,0,0,0,
166,58.1,Dongxu Tianyuan,Shanxi,Shanxi,Shanxi,Lin,,,0,,,,,,,0.18734310002038965,0.18734310002038965,0.18734310002038962,0.18734310002038965,0.18734310002038965,0.18734310002038965,0.18734310002038965,0.18734310002038967,0.18734310002038965,0.18734310002038965,0.18734310002038962,0.18734310002038962,0.18734310002038962,0.18734310002038962,0.18734310002038962,0.18734310002038962,0.18734310002038962,0.18734310002038962,0.18734310002038962,0.18734310002038962,0.18734310002038962,0.18734310002038962,
167,58.1,Dongxu Tianyuan,Shanxi,Shanxi,Shanxi,Qinyuan,,,0.7,,,,,,,0.38392679081069964,0.38392679081069964,0.3839267908106996,0.38392679081069964,0.38392679081069964,0.38392679081069964,0.38392679081069964,0.3839267908106997,0.38392679081069964,0.38392679081069964,0.3839267908106996,0.3839267908106996,0.3839267908106996,0.3839267908106996,0.3839267908106996,0.3839267908106996,0.3839267908106996,0.3839267908106996,0.3839267908106996,0.3839267908106996,0.3839267908106996,0.3839267908106996,
168,58.1,Dongxu Tianyuan,Shanxi,Shanxi,Shanxi,Xiaoyi,,,0,,,,,,,0.42873010916891074,0.42873010916891074,0.42873010916891063,0.4287301091689107,0.4287301091689107,0.4287301091689107,0.42873010916891074,0.4287301091689107,0.4287301091689107,0.4287301091689107,0.4287301091689107,0.4287301091689107,0.4287301091689107,0.4287301091689107,0.4287301091689107,0.4287301091689107,0.4287301091689107,0.4287301091689107,0.4287301091689107,0.4287301091689107,0.4287301091689107,0.4287301091689107,
169,59.1,East Hope Lingshi,Shanxi,Shanxi,Shanxi,Jiaokou,,,0,,,,,,,0.27986608869773477,0.27986608869773477,0.27986608869773477,0.27986608869773477,0.27986608869773477,0.27986608869773477,0.27986608869773477,0.27986608869773477,0.27986608869773477,0.27986608869773477,0.2798660886977347,0,0,0,0,0,0,0,0,0,0,0,
170,59.1,East Hope Lingshi,Shanxi,Shanxi,Shanxi,Lingshi,,,1,,,,,,,0.5254580899378263,0.5254580899378263,0.5254580899378263,0.5254580899378263,0.5254580899378263,0.5254580899378263,0.5254580899378263,0.5254580899378263,0.5254580899378263,0.5254580899378263,0.5254580899378262,0,0,0,0,0,0,0,0,0,0,0,
171,59.1,East Hope Lingshi,Shanxi,Shanxi,Shanxi,Wuxiang,,,0.5,,,,,,,0.056527399471594346,0.056527399471594346,0.056527399471594346,0.056527399471594346,0.056527399471594346,0.056527399471594346,0.056527399471594346,0.056527399471594346,0.05652739947159434,0.056527399471594346,0.05652739947159434,0,0,0,0,0,0,0,0,0,0,0,
172,59.1,East Hope Lingshi,Shanxi,Shanxi,Shanxi,Xiangyuan,,,0.5,,,,,,,0.13814842189284465,0.13814842189284465,0.13814842189284465,0.13814842189284465,0.13814842189284465,0.13814842189284465,0.13814842189284465,0.13814842189284465,0.13814842189284465,0.13814842189284463,0.13814842189284465,0,0,0,0,0,0,0,0,0,0,0,
173,60,Huaqing,Shanxi,Shanxi,Shanxi,Lin,,,0,,,,,,,0.1312295844716105,0.1312295844716105,0.1312295844716105,0.1312295844716105,0.1312295844716105,0.1312295844716105,0.1312295844716105,0.1312295844716105,0.1312295844716105,0.1312295844716105,0.1312295844716105,0.1312295844716105,0.1312295844716105,0,0,0,0,0,0,0,0,0,
174,60,Huaqing,Shanxi,Shanxi,Shanxi,Xiaoyi,,,0.5,,,,,,,0.8687704155283895,0.8687704155283895,0.8687704155283894,0.8687704155283895,0.8687704155283895,0.8687704155283895,0.8687704155283894,0.8687704155283894,0.8687704155283895,0.8687704155283894,0.8687704155283895,0.8687704155283894,0.8687704155283895,0,0,0,0,0,0,0,0,0,
175,61,Qiangjin Alumimium,Shanxi,Shanxi,Shanxi,Fenxi,,,1,,,,,,,0,0,0,0,0,0,0,0,0,0,0,0,0,0,0,0,0,0,0,0,0,0,
176,61,Qiangjin Alumimium,Shanxi,Shanxi,Shanxi,Jiaokou,,,1,,,,,,,0,0,0,0,0,0,0,0,0,0,0,0,0,0,0,0,0,0,0,0,0,0,
177,61,Qiangjin Alumimium,Shanxi,Shanxi,Shanxi,Xiaoyi,,,0,,,,,,,0,0,0,0,0,0,0,0,0,0,0,0,0,0,0,0,0,0,0,0,0,0,
178,62,Senze,Shanxi,Shanxi,Shanxi,Jiaokou,,,1,,,,,,,0.11740716125318383,0.11740716125318384,0.11740716125318384,0.11740716125318384,0.11740716125318383,0.11740716125318384,0.11740716125318386,0.11740716125318384,0.11740716125318384,0.11740716125318384,0.11740716125318384,0.11740716125318383,0.11740716125318384,0,0,0,0,0,0,0,0,0,
179,62,Senze,Shanxi,Shanxi,Shanxi,Liulin,,,1,,,,,,,0.8825928387468162,0.8825928387468162,0.8825928387468162,0.8825928387468162,0.8825928387468162,0.8825928387468162,0.8825928387468162,0.8825928387468162,0.8825928387468162,0.8825928387468162,0.8825928387468162,0.8825928387468162,0.8825928387468162,0,0,0,0,0,0,0,0,0,
180,63,Taixing,Shanxi,Shanxi,Shanxi,Lin,,,0,,,,,,,0.22071201785112243,0.2207120178511224,0.2207120178511224,0.2207120178511224,0.22071201785112243,0.2207120178511224,0.2207120178511224,0.2207120178511224,0.2207120178511224,0.2207120178511224,0.2207120178511224,0,0,0,0,0,0,0,0,0,0,0,
181,63,Taixing,Shanxi,Shanxi,Shanxi,Xiaoyi,,,0.5,,,,,,,0.7792879821488776,0.7792879821488776,0.7792879821488776,0.7792879821488776,0.7792879821488776,0.7792879821488775,0.7792879821488776,0.7792879821488776,0.7792879821488776,0.7792879821488776,0.7792879821488776,0,0,0,0,0,0,0,0,0,0,0,
182,64,Wusheng,Shanxi,Shanxi,Shanxi,Pinglu,,,0,,,,,,,0.967307969762808,0.967307969762808,0.967307969762808,0.967307969762808,0.967307969762808,0.9673079697628079,0.967307969762808,0.967307969762808,0.967307969762808,0.967307969762808,0.967307969762808,0.967307969762808,0.967307969762808,0.967307969762808,0.967307969762808,0.967307969762808,0.967307969762808,0.967307969762808,0.967307969762808,0.967307969762808,0.967307969762808,0.967307969762808,
183,64,Wusheng,Shanxi,Shanxi,Shanxi,Xia,,,0,,,,,,,0.032692030237192034,0.032692030237192034,0.032692030237192034,0.032692030237192034,0.032692030237192034,0.032692030237192034,0.032692030237192034,0.032692030237192034,0.032692030237192034,0.032692030237192034,0.032692030237192034,0.032692030237192034,0.032692030237192034,0.032692030237192034,0.032692030237192034,0.032692030237192034,0.032692030237192034,0.032692030237192034,0.032692030237192034,0.032692030237192034,0.032692030237192034,0.032692030237192034,
184,65,Xinfa - Jiaokou,Shanxi,Shanxi,Shanxi,Fenyang,,,0,,,,,,,0.02719658973862793,0.02719658973862793,0.027196589738627933,0.027196589738627933,0.027196589738627937,0.027196589738627933,0.027196589738627933,0.027196589738627933,0.027196589738627926,0.027196589738627933,0.02719658973862793,0.027196589738627926,0,0,0,0,0,0,0,0,0,0,
185,65,Xinfa - Jiaokou,Shanxi,Shanxi,Shanxi,Heshun,,,0,,,,,,,0.0020385470886248305,0.0020385470886248305,0.002038547088624831,0.002038547088624831,0.0020385470886248314,0.002038547088624831,0.002038547088624831,0.002038547088624831,0.002038547088624831,0.002038547088624831,0.002038547088624831,0.0020385470886248305,0,0,0,0,0,0,0,0,0,0,
186,65,Xinfa - Jiaokou,Shanxi,Shanxi,Shanxi,Jiaokou,,,0,,,,,,,0.6783044644988546,0.6783044644988546,0.6783044644988547,0.6783044644988547,0.6783044644988548,0.6783044644988547,0.6783044644988547,0.6783044644988547,0.6783044644988546,0.6783044644988547,0.6783044644988547,0.6783044644988546,0,0,0,0,0,0,0,0,0,0,
187,65,Xinfa - Jiaokou,Shanxi,Shanxi,Shanxi,Jiexiu,,,0,,,,,,,0.012640395882890086,0.012640395882890086,0.012640395882890086,0.012640395882890088,0.01264039588289009,0.012640395882890088,0.012640395882890086,0.012640395882890088,0.012640395882890086,0.012640395882890088,0.012640395882890086,0.012640395882890084,0,0,0,0,0,0,0,0,0,0,
188,65,Xinfa - Jiaokou,Shanxi,Shanxi,Shanxi,Lin,,,0,,,,,,,0.06772838367681926,0.06772838367681926,0.06772838367681927,0.06772838367681927,0.06772838367681928,0.06772838367681927,0.06772838367681927,0.06772838367681927,0.06772838367681926,0.06772838367681927,0.06772838367681927,0.06772838367681924,0,0,0,0,0,0,0,0,0,0,
189,65,Xinfa - Jiaokou,Shanxi,Shanxi,Shanxi,Loufan,,,0,,,,,,,0.07139986846083038,0.07139986846083038,0.07139986846083039,0.0713998684608304,0.0713998684608304,0.07139986846083039,0.07139986846083039,0.07139986846083039,0.07139986846083039,0.07139986846083039,0.07139986846083039,0.07139986846083038,0,0,0,0,0,0,0,0,0,0,
190,65,Xinfa - Jiaokou,Shanxi,Shanxi,Shanxi,Wutai,,,0,,,,,,,0.018054528429677273,0.018054528429677273,0.018054528429677277,0.018054528429677277,0.01805452842967728,0.018054528429677277,0.018054528429677277,0.018054528429677277,0.018054528429677273,0.018054528429677277,0.018054528429677273,0.018054528429677273,0,0,0,0,0,0,0,0,0,0,
191,65,Xinfa - Jiaokou,Shanxi,Shanxi,Shanxi,Xiaoyi,,,0,,,,,,,0.09963948343850412,0.09963948343850412,0.09963948343850414,0.09963948343850414,0.09963948343850415,0.09963948343850414,0.09963948343850414,0.09963948343850412,0.09963948343850412,0.09963948343850414,0.09963948343850412,0.09963948343850412,0,0,0,0,0,0,0,0,0,0,
192,65,Xinfa - Jiaokou,Shanxi,Shanxi,Shanxi,Zhongyang,,,0,,,,,,,0.022997738785171397,0.022997738785171397,0.0229977387851714,0.0229977387851714,0.022997738785171404,0.0229977387851714,0.022997738785171397,0.0229977387851714,0.022997738785171393,0.022997738785171397,0.022997738785171397,0.022997738785171393,0,0,0,0,0,0,0,0,0,0,
193,66,Xinfa - Xiaoyi,Shanxi,Shanxi,Shanxi,Fenyang,,,0,,,,,,,0.042899982522687265,0.042899982522687265,0.042899982522687265,0.042899982522687265,0.042899982522687265,0.04289998252268726,0.042899982522687265,0.042899982522687265,0.042899982522687265,0.04289998252268726,0,0,0,0,0,0,0,0,0,0,0,0,
194,66,Xinfa - Xiaoyi,Shanxi,Shanxi,Shanxi,Heshun,,,0,,,,,,,0.00321561031674583,0.00321561031674583,0.00321561031674583,0.00321561031674583,0.00321561031674583,0.00321561031674583,0.00321561031674583,0.00321561031674583,0.00321561031674583,0.0032156103167458295,0,0,0,0,0,0,0,0,0,0,0,0,
195,66,Xinfa - Xiaoyi,Shanxi,Shanxi,Shanxi,Jiexiu,,,0,,,,,,,0.019938998516152707,0.019938998516152707,0.019938998516152707,0.019938998516152707,0.01993899851615271,0.019938998516152707,0.019938998516152707,0.019938998516152707,0.019938998516152707,0.019938998516152703,0,0,0,0,0,0,0,0,0,0,0,0,
196,66,Xinfa - Xiaoyi,Shanxi,Shanxi,Shanxi,Lin,,,0,,,,,,,0.11039612151140848,0.11039612151140848,0.11039612151140848,0.11039612151140848,0.11039612151140848,0.11039612151140848,0.11039612151140848,0.11039612151140848,0.11039612151140848,0.11039612151140847,0,0,0,0,0,0,0,0,0,0,0,0,
197,66,Xinfa - Xiaoyi,Shanxi,Shanxi,Shanxi,Lingshi,,,1,,,,,,,0.11160474005102745,0.11160474005102745,0.11160474005102745,0.11160474005102745,0.11160474005102747,0.11160474005102747,0.11160474005102747,0.11160474005102747,0.11160474005102747,0.11160474005102745,0,0,0,0,0,0,0,0,0,0,0,0,
198,66,Xinfa - Xiaoyi,Shanxi,Shanxi,Shanxi,Loufan,,,0,,,,,,,0.11262636741908646,0.11262636741908646,0.11262636741908646,0.11262636741908646,0.11262636741908648,0.11262636741908646,0.11262636741908646,0.11262636741908648,0.11262636741908648,0.11262636741908645,0,0,0,0,0,0,0,0,0,0,0,0,
199,66,Xinfa - Xiaoyi,Shanxi,Shanxi,Shanxi,Yu,,,0,,,,,,,0.012410030616483322,0.012410030616483322,0.012410030616483322,0.012410030616483322,0.012410030616483323,0.01241003061648332,0.01241003061648332,0.012410030616483322,0.01241003061648332,0.01241003061648332,0,0,0,0,0,0,0,0,0,0,0,0,
200,66,Xinfa - Xiaoyi,Shanxi,Shanxi,Shanxi,Xiaoyi,,,0,,,,,,,0.4715148633634548,0.4715148633634548,0.4715148633634548,0.4715148633634548,0.4715148633634548,0.4715148633634547,0.4715148633634548,0.4715148633634548,0.4715148633634547,0.47151486336345466,0,0,0,0,0,0,0,0,0,0,0,0,
201,66,Xinfa - Xiaoyi,Shanxi,Shanxi,Shanxi,Xiyang,,,0,,,,,,,0.015854328465256525,0.015854328465256525,0.015854328465256525,0.015854328465256525,0.015854328465256525,0.01585432846525652,0.01585432846525652,0.015854328465256525,0.01585432846525652,0.01585432846525652,0,0,0,0,0,0,0,0,0,0,0,0,
202,66,Xinfa - Xiaoyi,Shanxi,Shanxi,Shanxi,Yangquan,,,0,,,,,,,0.06326225483547046,0.06326225483547046,0.06326225483547046,0.06326225483547046,0.06326225483547046,0.06326225483547045,0.06326225483547046,0.06326225483547046,0.06326225483547046,0.06326225483547045,0,0,0,0,0,0,0,0,0,0,0,0,
203,66,Xinfa - Xiaoyi,Shanxi,Shanxi,Shanxi,Zhongyang,,,0,,,,,,,0.03627670238222673,0.03627670238222673,0.03627670238222673,0.03627670238222673,0.03627670238222674,0.03627670238222674,0.03627670238222674,0.03627670238222674,0.03627670238222674,0.03627670238222673,0,0,0,0,0,0,0,0,0,0,0,0,
204,67.1,Xingan Chemical,Shanxi,Shanxi,Shanxi,Fenyang,,,0,,,,,,,0.05508522099208726,0.05508522099208725,0.055085220992087264,0.05508522099208725,0.05508522099208725,0.05508522099208725,0.05508522099208726,0.05508522099208724,0.05508522099208725,0,0,0,0,0,0,0,0,0,0,0,0,0,
205,67.1,Xingan Chemical,Shanxi,Shanxi,Shanxi,Heshun,,,0,,,,,,,0.002064483415604501,0.002064483415604501,0.002064483415604501,0.0020644834156045007,0.0020644834156045007,0.0020644834156045007,0.002064483415604501,0.0020644834156045007,0.0020644834156045007,0,0,0,0,0,0,0,0,0,0,0,0,0,
206,67.1,Xingan Chemical,Shanxi,Shanxi,Shanxi,Jiexiu,,,0,,,,,,,0.02560243793365572,0.02560243793365572,0.02560243793365572,0.025602437933655717,0.02560243793365572,0.025602437933655714,0.02560243793365572,0.025602437933655717,0.025602437933655717,0,0,0,0,0,0,0,0,0,0,0,0,0,
207,67.1,Xingan Chemical,Shanxi,Shanxi,Shanxi,Lin,,,0,,,,,,,0.11431681381997175,0.11431681381997173,0.11431681381997175,0.11431681381997175,0.11431681381997172,0.11431681381997173,0.11431681381997175,0.11431681381997172,0.11431681381997175,0,0,0,0,0,0,0,0,0,0,0,0,0,
208,67.1,Xingan Chemical,Shanxi,Shanxi,Shanxi,Loufan,,,0,,,,,,,0.18077071291497074,0.1807707129149707,0.18077071291497074,0.1807707129149707,0.18077071291497068,0.18077071291497068,0.1807707129149707,0.1807707129149707,0.1807707129149707,0,0,0,0,0,0,0,0,0,0,0,0,0,
209,67.1,Xingan Chemical,Shanxi,Shanxi,Shanxi,Yu,,,0,,,,,,,0.007967477361458425,0.007967477361458425,0.007967477361458426,0.007967477361458425,0.007967477361458425,0.007967477361458425,0.007967477361458425,0.007967477361458423,0.007967477361458425,0,0,0,0,0,0,0,0,0,0,0,0,0,
210,67.1,Xingan Chemical,Shanxi,Shanxi,Shanxi,Ningwu,,,0,,,,,,,0.03573349955248674,0.03573349955248673,0.03573349955248674,0.03573349955248673,0.03573349955248673,0.03573349955248673,0.03573349955248674,0.03573349955248673,0.03573349955248673,0,0,0,0,0,0,0,0,0,0,0,0,0,
211,67.1,Xingan Chemical,Shanxi,Shanxi,Shanxi,Pinglu,,,0,,,,,,,0.10522580182226317,0.10522580182226315,0.10522580182226315,0.10522580182226315,0.10522580182226315,0.10522580182226315,0.10522580182226315,0.10522580182226314,0.10522580182226315,0,0,0,0,0,0,0,0,0,0,0,0,0,
212,67.1,Xingan Chemical,Shanxi,Shanxi,Shanxi,Wutai,,,0,,,,,,,0.07313694092072377,0.07313694092072377,0.07313694092072377,0.07313694092072376,0.07313694092072376,0.07313694092072376,0.07313694092072377,0.07313694092072376,0.07313694092072377,0,0,0,0,0,0,0,0,0,0,0,0,0,
213,67.1,Xingan Chemical,Shanxi,Shanxi,Shanxi,Xiaoyi,,,0,,,,,,,0.30272157379549364,0.3027215737954936,0.30272157379549364,0.3027215737954936,0.3027215737954936,0.3027215737954936,0.30272157379549364,0.3027215737954936,0.3027215737954936,0,0,0,0,0,0,0,0,0,0,0,0,0,
214,67.1,Xingan Chemical,Shanxi,Shanxi,Shanxi,Xiyang,,,0,,,,,,,0.010178782552578572,0.010178782552578572,0.010178782552578572,0.01017878255257857,0.01017878255257857,0.01017878255257857,0.01017878255257857,0.010178782552578569,0.01017878255257857,0,0,0,0,0,0,0,0,0,0,0,0,0,
215,67.1,Xingan Chemical,Shanxi,Shanxi,Shanxi,Yangquan,,,0,,,,,,,0.040615579349081644,0.040615579349081644,0.04061557934908165,0.04061557934908164,0.04061557934908164,0.04061557934908164,0.040615579349081644,0.04061557934908164,0.040615579349081644,0,0,0,0,0,0,0,0,0,0,0,0,0,
216,67.1,Xingan Chemical,Shanxi,Shanxi,Shanxi,Zhongyang,,,0,,,,,,,0.0465806755696242,0.0465806755696242,0.0465806755696242,0.0465806755696242,0.04658067556962419,0.04658067556962419,0.0465806755696242,0.04658067556962419,0.04658067556962419,0,0,0,0,0,0,0,0,0,0,0,0,0,
217,68,Yangquan Zhaofeng,Shanxi,Shanxi,Shanxi,Heshun,,,0.5,,,,,,,0.025667346478571183,0.02566734647857119,0.025667346478571187,0.02566734647857119,0.02566734647857119,0.02566734647857119,0.025667346478571187,0.025667346478571194,0.025667346478571187,0.02566734647857119,0.025667346478571187,0.02566734647857119,0,0,0,0,0,0,0,0,0,0,
218,68,Yangquan Zhaofeng,Shanxi,Shanxi,Shanxi,Yu,,,1,,,,,,,0.08254849635482922,0.08254849635482923,0.08254849635482923,0.08254849635482923,0.08254849635482923,0.08254849635482923,0.08254849635482923,0.08254849635482925,0.08254849635482923,0.08254849635482925,0.08254849635482923,0.08254849635482925,0,0,0,0,0,0,0,0,0,0,
219,68,Yangquan Zhaofeng,Shanxi,Shanxi,Shanxi,Pinglu,,,0,,,,,,,0.5014970746979891,0.5014970746979892,0.5014970746979892,0.5014970746979891,0.5014970746979892,0.5014970746979892,0.5014970746979891,0.5014970746979892,0.5014970746979891,0.5014970746979892,0.5014970746979892,0.5014970746979892,0,0,0,0,0,0,0,0,0,0,
220,68,Yangquan Zhaofeng,Shanxi,Shanxi,Shanxi,Wutai,,,0,,,,,,,0.07577485603109829,0.07577485603109832,0.07577485603109832,0.0757748560310983,0.0757748560310983,0.0757748560310983,0.07577485603109832,0.07577485603109832,0.07577485603109832,0.0757748560310983,0.0757748560310983,0.0757748560310983,0,0,0,0,0,0,0,0,0,0,
221,68,Yangquan Zhaofeng,Shanxi,Shanxi,Shanxi,Wuxiang,,,0.5,,,,,,,0.042593036794900944,0.04259303679490095,0.04259303679490095,0.04259303679490095,0.04259303679490095,0.04259303679490095,0.04259303679490095,0.04259303679490096,0.04259303679490095,0.04259303679490096,0.04259303679490095,0.04259303679490095,0,0,0,0,0,0,0,0,0,0,
222,68,Yangquan Zhaofeng,Shanxi,Shanxi,Shanxi,Xia,,,0,,,,,,,0.014738310087004622,0.014738310087004625,0.014738310087004625,0.014738310087004623,0.014738310087004625,0.014738310087004625,0.014738310087004623,0.014738310087004628,0.014738310087004625,0.014738310087004625,0.014738310087004623,0.014738310087004625,0,0,0,0,0,0,0,0,0,0,
223,68,Yangquan Zhaofeng,Shanxi,Shanxi,Shanxi,Xiyang,,,1,,,,,,,0.04218365017193615,0.04218365017193616,0.042183650171936156,0.042183650171936156,0.042183650171936156,0.04218365017193616,0.04218365017193616,0.04218365017193617,0.042183650171936156,0.04218365017193616,0.04218365017193616,0.04218365017193616,0,0,0,0,0,0,0,0,0,0,
224,68,Yangquan Zhaofeng,Shanxi,Shanxi,Shanxi,Yuanping,,,0,,,,,,,0.04667519460570994,0.046675194605709944,0.04667519460570994,0.04667519460570994,0.04667519460570994,0.046675194605709944,0.046675194605709944,0.04667519460570995,0.046675194605709944,0.046675194605709944,0.04667519460570994,0.04667519460570994,0,0,0,0,0,0,0,0,0,0,
225,68,Yangquan Zhaofeng,Shanxi,Shanxi,Shanxi,Yangquan,,,1,,,,,,,0.1683220347779604,0.16832203477796043,0.16832203477796043,0.16832203477796043,0.16832203477796043,0.16832203477796043,0.16832203477796043,0.16832203477796046,0.16832203477796043,0.16832203477796043,0.16832203477796043,0.1683220347779604,0,0,0,0,0,0,0,0,0,0,
226,69,Gangyuan Jiaohua,Shanxi,Henan,Henan,Xin'an,,,0,,,,,,,1.0,1.0,1.0,0,0,0,0,0,0,0,0,0,0,0,0,0,0,0,0,0,0,0,
227,70.1,Xinghua (Chalco Jiaokou),Shanxi,Shanxi,Shanxi,Jiaokou,,,0.9,,,,,,,0.6836583038596741,0.6836583038596741,0.6836583038596741,0.6836583038596741,0.6836583038596741,0.6836583038596741,0.6836583038596741,0.6836583038596741,0.6836583038596742,0.6836583038596741,0.6836583038596742,0.6836583038596741,0.6836583038596741,0.6836583038596741,0.6836583038596742,0.6836583038596742,0.6836583038596742,0.6836583038596741,0.6836583038596741,0.6836583038596742,0.6836583038596742,0.6836583038596741,
228,70.1,Xinghua (Chalco Jiaokou),Shanxi,Shanxi,Shanxi,Xiaoyi,,,1,,,,,,,0.31634169614032587,0.31634169614032587,0.31634169614032587,0.31634169614032587,0.31634169614032587,0.31634169614032587,0.31634169614032587,0.31634169614032587,0.3163416961403259,0.3163416961403259,0.31634169614032587,0.31634169614032587,0.31634169614032587,0.31634169614032587,0.31634169614032587,0.31634169614032587,0.31634169614032587,0.31634169614032587,0.31634169614032587,0.31634169614032587,0.31634169614032587,0.3163416961403258,
229,71,Tiantong,Shanxi,Shanxi,Shanxi,Jiaokou,,,0.9,,,,,,,1.0,1.0,1.0,1.0,1.0,1.0,1.0,1.0,1.0,1.0,1.0,1.0,1.0,1.0,1.0,1.0,1.0,1.0,1.0,1.0,1.0,1.0,
230,72,Fusheng,Shanxi,Shanxi,Shanxi,Pinglu,,,0.2,,,,,,,0.954821942639292,0.954821942639292,0.954821942639292,0.954821942639292,0.954821942639292,0.954821942639292,0.954821942639292,0.954821942639292,0.954821942639292,0.9548219426392919,0.954821942639292,0,0,0,0,0,0,0,0,0,0,0,
231,72,Fusheng,Shanxi,Shanxi,Shanxi,Xia,,,0.2,,,,,,,0.04517805736070804,0.04517805736070804,0.04517805736070804,0.04517805736070804,0.04517805736070804,0.04517805736070804,0.04517805736070804,0.04517805736070804,0.045178057360708034,0.04517805736070804,0.04517805736070804,0,0,0,0,0,0,0,0,0,0,0,
232,73,YMG - Wenshan,Yunnan,Other,Yunnan,Malipo,,,1,,,,,,,0.012048909843761876,0.012048909843761876,0.012048909843761878,0.012048909843761878,0.012048909843761876,0.012048909843761876,0.012048909843761878,0.012048909843761878,0.012048909843761878,0.01204890984376188,0.012048909843761875,0.012048909843761878,0.012048909843761876,0.012048909843761878,0,0,0,0,0,0,0,0,
233,73,YMG - Wenshan,Yunnan,Other,Yunnan,Wenshan,,,1,,,,,,,0.5565165248974233,0.5565165248974233,0.5565165248974232,0.5565165248974232,0.5565165248974232,0.5565165248974233,0.5565165248974233,0.5565165248974233,0.5565165248974233,0.5565165248974233,0.5565165248974232,0.5565165248974233,0.5565165248974232,0.5565165248974233,0,0,0,0,0,0,0,0,
234,73,YMG - Wenshan,Yunnan,Other,Yunnan,Xichou,,,1,,,,,,,0.43143456525881485,0.43143456525881485,0.43143456525881485,0.43143456525881485,0.43143456525881485,0.43143456525881485,0.43143456525881485,0.43143456525881485,0.43143456525881485,0.4314345652588149,0.4314345652588148,0.4314345652588149,0.4314345652588149,0.4314345652588149,0,0,0,0,0,0,0,0,
235,,,,Other,,,,,,,,,,,,0,0,0,0,0,0,0,0,0,0,0,0,0,0,0,0,0,0,0,0,0,0,
236,,,,Other,,,,,,,,,,,,0,0,0,0,0,0,0,0,0,0,0,0,0,0,0,0,0,0,0,0,0,0,
237,,,,Other,,,,,,,,,,,,0,0,0,0,0,0,0,0,0,0,0,0,0,0,0,0,0,0,0,0,0,0,
238,,,,Other,,,,,,,,,,,,0,0,0,0,0,0,0,0,0,0,0,0,0,0,0,0,0,0,0,0,0,0,
239,,,,Other,,,,,,,,,,,,0,0,0,0,0,0,0,0,0,0,0,0,0,0,0,0,0,0,0,0,0,0,
240,,,,Other,,,,,,,,,,,,0,0,0,0,0,0,0,0,0,0,0,0,0,0,0,0,0,0,0,0,0,0,
241,,,,Other,,,,,,,,,,,,0,0,0,0,0,0,0,0,0,0,0,0,0,0,0,0,0,0,0,0,0,0,
242,,,,Other,,,,,,,,,,,,0,0,0,0,0,0,0,0,0,0,0,0,0,0,0,0,0,0,0,0,0,0,
243,,,,Other,,,,,,,,,,,,0,0,0,0,0,0,0,0,0,0,0,0,0,0,0,0,0,0,0,0,0,0,
244,,,,Other,,,,,,,,,,,,0,0,0,0,0,0,0,0,0,0,0,0,0,0,0,0,0,0,0,0,0,0,
245,,,,Other,,,,,,,,,,,,0,0,0,0,0,0,0,0,0,0,0,0,0,0,0,0,0,0,0,0,0,0,
246,,,,,,,,,,,,,,,,0,0,0,0,0,0,0,0,0,0,0,0,0,0,0,0,0,0,0,0,0,0,
247,,,,,,,,,,,,,,,,0,0,0,0,0,0,0,0,0,0,0,0,0,0,0,0,0,0,0,0,0,0,
